40.81195,-73.919237,371000
40.8529895,-73.90422459999999,4250000
40.86864,-73.882677,75376
40.873407,-73.902241,580000
40.888472,-73.912566,310000
40.814002,-73.91345199999999,113025
40.864386,-73.904776,600000
40.8817639,-73.897581,331743
40.8369618,-73.8589282,98000
40.9066868,-73.8991435,384000
40.88559,-73.90835799999999,135000
40.881722,-73.91732499999999,360000
40.81824599999999,-73.920926,425000
40.837925,-73.835799,250000
40.870717,-73.857845,540000
40.8552198,-73.8933689,400000
40.878533,-73.844906,235000
40.810306,-73.855142,335000
40.849623,-73.922448,450000
40.8739599,-73.8491449,380000
40.89903899999999,-73.8974084,500
40.85505800000001,-73.907031,375000
40.822528,-73.907506,620000
40.850003,-73.903567,875000
40.8353818,-73.9082734,860000
40.8468779,-73.860332,435000
40.872908,-73.901123,168999
40.809446,-73.881874,1975000
40.831164,-73.8636269,252000
40.868074,-73.885111,103000
40.82714,-73.8155309,540000
40.845078,-73.817695,267500
40.847857,-73.89138,905000
40.888228,-73.81980899999999,580000
40.8543639,-73.90601099999999,5510228
40.88518699999999,-73.87888699999999,2825000
40.85235,-73.865209,155000
40.8485859,-73.89746749999999,20000
40.866791,-73.8871659,420000
40.874918,-73.849671,485000
40.828122,-73.91472,275400
40.831371,-73.930904,575500
40.8813581,-73.8441527,565000
40.850417,-73.786649,343500
40.84802699999999,-73.86067299999999,1000
40.828103,-73.866747,500000
40.839234,-73.837368,379000
40.876903,-73.852817,210000
40.82432499999999,-73.844949,545000
40.8728096,-73.8783875,6000000
40.845783,-73.90177190000001,225000
40.81148,-73.920052,950000
40.88267219999999,-73.9161512,700000
40.8836947,-73.8980204,580000
40.84328,-73.8330919,565000
40.845317,-73.86121299999999,340000
40.812855,-73.85968199999999,392000
40.883001,-73.921036,240000
40.90734,-73.903271,425000
40.813716,-73.857748,378000
40.86363,-73.854535,435000
40.889062,-73.8196619,265000
40.839598,-73.8233039,459000
40.8367574,-73.8565947,148000
40.840654,-73.820241,431000
40.8578,-73.89232799999999,2800000
40.88171699999999,-73.9208979,415000
40.848241,-73.833893,530000
40.846577,-73.790669,250000
40.819629,-73.908076,400000
40.84804949999999,-73.86598390000002,331000
40.8373773,-73.912744,1200000
40.861424,-73.90693,478400
40.870831,-73.842407,350000
40.870132,-73.848241,220000
40.8510854,-73.8296913,900000
40.834736,-73.92601599999999,450000
40.842092,-73.822513,1100000
40.841114,-73.86689199999999,450000
40.80973059999999,-73.9219712,15000
40.881847,-73.840839,300000
40.81253299999999,-73.85965999999999,265000
40.8931458,-73.90796639999999,854900
40.870163,-73.90097399999999,565000
40.847401,-73.861524,470000
40.833081,-73.930553,1400000
40.863738,-73.86907699999999,610950
40.871345,-73.892505,6192262
40.866862,-73.85161599999999,90000
40.8301019,-73.915578,580000
40.85503,-73.85031099999999,840000
40.85006,-73.849288,410000
40.85442099999999,-73.84981599999999,450000
40.844623,-73.821015,577000
40.860695,-73.870024,160000
40.84773,-73.851314,675000
40.8499057,-73.8967475,420000
40.8027554,-73.9405366,485000
40.8549538,-73.89194599999999,360000
40.852998,-73.849407,440000
40.862089,-73.901999,520000
40.876919,-73.85288,185000
40.857361,-73.88759999999999,325000
40.8309531,-73.9040531,313950
40.881338,-73.827619,280000
40.847881,-73.890604,1675000
40.84637499999999,-73.907721,210000
40.8878616,-73.8323566,255000
40.861241,-73.8966669,4300000
40.854754,-73.84291700000001,420000
40.88856759999999,-73.90419179999999,330000
40.892117,-73.842134,256041
40.8728297,-73.8836381,4200000
40.844085,-73.8335029,335000
40.82877999999999,-73.9128999,550000
40.858042,-73.902278,2650000
40.86019599999999,-73.914228,390000
40.811411,-73.8888,1700000
40.8786569,-73.846496,10
40.813605,-73.88689699999999,1000
40.84821300000001,-73.899554,1100000
40.8561526,-73.88801839999999,1240000
40.8476581,-73.9207273,6325000
40.847337,-73.827511,610000
40.8105533,-73.9046353,475000
40.874913,-73.847011,429000
40.8769187,-73.90063719999999,181050
40.835812,-73.910882,250000
40.905814,-73.90003899999999,160000
40.829004,-73.865993,200000
40.8272181,-73.8583489,685000
40.90271500000001,-73.907231,175000
40.819482,-73.903539,185000
40.831835,-73.921021,530000
40.8782179,-73.838466,537000
40.888086,-73.829567,210000
40.6268573,-74.1269745,305000
40.887951,-73.912126,1177500
40.8831491,-73.9165858,220000
40.8394913,-73.88164069999999,1925007
40.870717,-73.863641,362000
40.853969,-73.90563,225000
40.82391000000001,-73.902298,203150
40.8831721,-73.8963682,350000
40.846971,-73.89372399999999,60000
40.832907,-73.86496,410000
40.832498,-73.894702,195000
40.84369299999999,-73.832554,730000
40.903888,-73.912729,1275000
40.825961,-73.905439,1360000
40.827107,-73.8771919,466982
40.848262,-73.857861,708000
40.810999,-73.892038,1600000
40.840683,-73.8262869,500000
40.890095,-73.83904199999999,235000
40.8303392,-73.920204,172489
40.8849373,-73.908396,364500
40.88241499999999,-73.908239,280000
40.8079893,-73.9187042,4325000
40.8453329,-73.81683199999999,350000
40.833919,-73.868107,500000
40.8159197,-73.9025978,310000
40.83403,-73.911256,165000
40.8309822,-73.9282501,16900000
40.85713399999999,-73.896379,1925000
40.8459194,-73.8800236,24000000
40.890318,-73.839129,330000
40.8356317,-73.8563197,103000
40.815815,-73.893654,900000
40.7352075,-73.8815922,2113333
40.8586578,-73.8676945,526850
40.8125829,-73.847295,457000
40.88549510000001,-73.90639469999999,443115
40.843052,-73.856212,535000
40.886021,-73.899405,114695
40.884864,-73.8994249,9085000
40.903322,-73.89859799999999,500000
40.81959,-73.862827,142500
40.8502645,-73.90475649999999,1450000
40.818165,-73.899874,380000
40.84566,-73.851574,600000
40.874298,-73.84316199999999,450000
40.852722,-73.867075,104666
40.810845,-73.849997,88000
40.847977,-73.832664,415000
40.8842895,-73.8309159,1600000
40.861844,-73.847573,375000
40.835763,-73.92894299999999,530000
40.8326133,-73.8912545,2050000
40.8522152,-73.8651484,155000
40.814357,-73.89181599999999,870000
40.8169778,-73.88747529999999,12950000
40.8302369,-73.88114999999999,375000
40.841783,-73.923185,95000
40.8494979,-73.910146,230500
40.869615,-73.8365139,190000
40.8618416,-73.9026311,50666
40.8283488,-73.8877615,100000
40.858705,-73.89809799999999,2400000
40.891665,-73.847301,405600
40.819147,-73.915559,439000
40.870721,-73.906139,397961
40.84528299999999,-73.83053799999999,10
40.8752799,-73.84680999999999,381600
40.849235,-73.919324,360000
40.834776,-73.909857,288000
40.883224,-73.83899,185000
40.843277,-73.78846999999999,34000
40.858497,-73.9072489,162500
40.874469,-73.863011,325000
40.8813419,-73.883764,300000
40.829226,-73.88963,382000
40.8480981,-73.9196676,118472
40.88705,-73.909982,200000
40.882904,-73.90258,1750000
40.87745,-73.902226,410000
40.847577,-73.8301089,400000
40.911714,-73.89930199999999,906000
40.86395419999999,-73.90788429999999,158333
40.830534,-73.92791799999999,130000
40.874482,-73.842714,550000
40.831203,-73.866517,489000
40.857507,-73.7898573,327500
40.8904538,-73.8322493,450500
40.904292,-73.90217799999999,500000
40.84951400000001,-73.85994699999999,544000
40.868571,-73.862957,78000
40.83970009999999,-73.8599049,115000
40.831459,-73.91587700000001,735000
40.835167,-73.860154,101000
40.851821,-73.919444,295000
40.831933,-73.90306509999999,235000
40.8234436,-73.8975148,322000
40.841975,-73.82645300000001,51500
40.847934,-73.83570999999999,200000
40.838066,-73.854766,117500
40.8651296,-73.9068243,130250
40.846105,-73.86518199999999,400000
40.85559,-73.853606,550000
40.863062,-73.89492,3365000
40.87621,-73.901388,575000
40.866037,-73.902365,6475000
40.8669579,-73.85217399999999,445000
40.817532,-73.89405099999999,950000
40.806061,-73.92417,157500
40.826071,-73.9223729,164400
40.8602549,-73.89231199999999,81600
40.8624841,-73.8947726,12000000
40.82598900000001,-73.925512,120000
40.8338139,-73.899633,17993
40.83457749999999,-73.8206811,220000
40.8539079,-73.828986,780000
40.832545,-73.88605,237500
40.827319,-73.870733,335634
40.8528278,-73.91768259999999,505000
40.837648,-73.918442,270000
40.828578,-73.914946,1300000
40.865361,-73.9073798,113333
40.83711,-73.836406,500000
40.86204,-73.902033,520000
40.802813,-73.914553,1900000
40.8766204,-73.8996686,138333
40.83240000000001,-73.917952,5200000
40.8217101,-73.9470906,10
40.6268968,-74.1266539,80000
40.889793,-73.917,1440000
40.8705659,-73.87036739999999,463453
40.8959287,-73.898579,184658
40.887764,-73.907878,984183
40.845531,-73.784846,455200
40.885129,-73.8930555,2625
40.828293,-73.815414,100443
40.873024,-73.847621,258100
40.860905,-73.899463,3825000
40.834145,-73.8573849,25500
40.842125,-73.870778,200000
40.843031,-73.864642,430000
40.854689,-73.899393,8450000
40.8314743,-73.9108356,1125000
40.856734,-73.891603,510000
40.879629,-73.83959999999999,286200
40.879416,-73.839106,289000
40.8640215,-73.86089299999999,473000
40.8663077,-73.8577238,666953
40.912653,-73.902106,225000
40.82932599999999,-73.898675,436020
40.87207,-73.903718,675078
40.8495149,-73.84817199999999,685000
40.86988,-73.862135,42000
40.861552,-73.90276899999999,55425
40.848742,-73.85977000000001,300000
40.8697492,-73.84155179999999,620000
40.846885,-73.83138799999999,350000
40.8306803,-73.88180899999999,388000
40.85193900000001,-73.901555,785000
40.846089,-73.864229,425000
40.846905,-73.817058,510000
40.856017,-73.8920909,2768644
40.8810379,-73.844404,463290
40.847099,-73.848629,575000
40.878966,-73.847819,214825
40.8241358,-73.8901975,445000
40.839227,-73.8634639,250000
40.816736,-73.895355,1310000
40.8533169,-73.828608,345000
40.841211,-73.82949599999999,489000
40.8719139,-73.852389,197000
40.846098,-73.91265,535000
40.870639,-73.83556399999999,10000
40.860254,-73.899174,2200000
40.85611,-73.86936899999999,185000
40.8447648,-73.8874179,511600
40.860805,-73.90161599999999,200000
40.8126286,-73.8818564,3800000
40.8500998,-73.8309065,680000
40.884574,-73.891542,2625
40.819771,-73.88813499999999,434000
40.888814,-73.917568,740000
40.829434,-73.866456,295000
40.829949,-73.91739199999999,3240000
40.8620064,-73.8684572,9700000
40.6401607,-74.07550499999999,485000
40.853649,-73.89300999999999,360000
40.8524717,-73.85995919999999,324000
40.875845,-73.87657399999999,87900
40.8465763,-73.859697,605000
40.821416,-73.927954,2300000
40.86215,-73.90958499999999,1225000
40.891939,-73.831628,469000
40.83727349999999,-73.8652559,80000
40.852015,-73.90517299999999,1500000
40.844145,-73.8668299,165000
40.82749099999999,-73.916102,68000
40.8193796,-73.9164411,2420000
40.882487,-73.92146400000001,428666
40.8827919,-73.8362698,499000
40.85514,-73.889954,325000
40.8568511,-73.9024618,3950000
40.837069,-73.8348649,429000
40.8183764,-73.9248676,417500
40.815898,-73.90390699999999,450000
40.9023451,-73.90779669999999,179000
40.817233,-73.88598999999999,470000
40.854934,-73.78972999999999,625000
40.879056,-73.89776900000001,400000
40.873175,-73.86465199999999,620000
40.8464421,-73.7836422,297001
40.8111916,-73.90621800000001,75000
40.8549786,-73.8920115,393600
40.846851,-73.86507399999999,395000
40.844539,-73.86616599999999,357000
40.86923,-73.852952,255000
40.824259,-73.850661,320000
40.810548,-73.850983,619872
40.874903,-73.869563,490000
40.864577,-73.859932,10
40.829906,-73.867637,510000
40.84313,-73.864677,530000
40.8522135,-73.9025872,100
40.841237,-73.870567,480000
40.844736,-73.78843599999999,449000
40.852943,-73.83225999999999,580000
40.826532,-73.89629300000001,90000
40.820687,-73.90637199999999,225000
40.884435,-73.91333,165500
40.861609,-73.89577,2800000
40.8592247,-73.9081705,260000
40.86816290000001,-73.8965389,5750000
40.8699733,-73.88806149999999,540000
40.882928,-73.91480899999999,225000
40.8604243,-73.9135675,460000
40.8180746,-73.86522880000001,457000
40.7456256,-73.9461219,6100000
40.864855,-73.906111,2125000
40.864671,-73.837267,520000
40.864506,-73.89248599999999,3400000
40.829597,-73.855458,383000
40.8535103,-73.8650043,150000
40.889974,-73.841295,400000
40.863059,-73.845799,425000
40.855635,-73.863207,126250
40.831784,-73.86957,284000
40.838787,-73.83684199999999,305000
40.865983,-73.903992,5500000
40.847242,-73.85636699999999,323000
40.830829,-73.833681,550000
40.83960099999999,-73.834834,576728
40.844734,-73.850538,460000
40.8449224,-73.8658166,850000
40.876475,-73.886552,320000
40.8830391,-73.8479401,385000
40.8364675,-73.908075,350000
40.86526,-73.86116299999999,750000
40.827656,-73.88762299999999,335000
40.80275,-73.90925899999999,10200000
40.82589,-73.9252209,130000
40.7127837,-74.0059413,469509
40.856518,-73.88335099999999,2300000
40.910765,-73.900831,825000
40.828778,-73.893542,183000
40.8342,-73.861347,94000
40.83052989999999,-73.89898749999999,403144
40.878685,-73.8815149,117500
40.83320399999999,-73.927194,4220000
40.904807,-73.904363,610000
40.8746859,-73.846887,305000
40.844138,-73.864549,265000
40.811725,-73.860997,403800
40.898272,-73.89878999999999,119125
40.888846,-73.833954,330000
40.887276,-73.908941,779125
40.810808,-73.93048499999999,1325000
40.8868338,-73.9130121,430000
40.888276,-73.84451,280000
40.8533761,-73.865155,80500
40.861739,-73.89571699999999,3154991
40.845208,-73.884148,6150000
40.84705599999999,-73.785264,350000
40.846039,-73.9053799,480000
40.8283569,-73.848029,388000
40.827486,-73.86969599999999,405000
40.858868,-73.846884,560000
40.863778,-73.85453100000001,385000
40.879738,-73.838297,4950000
40.8411872,-73.85617549999999,165675
40.859616,-73.90233599999999,2610500
40.880341,-73.839618,390000
40.8547774,-73.8843404,468500
40.806524,-73.922135,717284
40.878993,-73.902169,138000
40.8869009,-73.8293704,600000
40.80182,-73.915061,135000
40.8585991,-73.90673439999999,499000
40.845656,-73.83331799999999,165000
40.8706699,-73.8359569,545000
40.890598,-73.835842,445000
40.84691400000001,-73.905829,561069
40.827827,-73.89659800000001,292769
40.8412247,-73.9216103,135000
40.8288439,-73.91744299999999,460000
40.8358677,-73.86240409999999,74500
40.9051613,-73.9065342,120000
40.8424976,-73.8889861,750000
40.880652,-73.843499,341000
40.8245554,-73.8915822,15150000
40.908552,-73.89691599999999,140000
40.9068989,-73.90294659999999,715000
40.87153199999999,-73.891639,1800000
40.8413423,-73.8282759,430000
40.847156,-73.830525,600000
40.877752,-73.901048,231192
40.8885874,-73.9113629,202000
40.835188,-73.859178,132500
40.846963,-73.8907909,315000
40.5381738,-74.19492369999999,515000
40.828323,-73.853657,410000
40.843314,-73.832487,404250
40.828855,-73.890716,479000
40.8120167,-73.88423259999999,1200000
40.816294,-73.899472,595000
40.838048,-73.833981,500000
40.860584,-73.912894,510000
40.8730059,-73.867707,329755
40.849867,-73.861285,540000
40.829532,-73.8796519,162000
40.8337549,-73.819853,395000
40.850722,-73.861481,550000
40.8439229,-73.90888129999999,85000
40.8517257,-73.860357,520000
40.894898,-73.911985,1960000
40.845827,-73.78317,410000
40.872673,-73.846825,10
40.871723,-73.858761,250000
40.6265447,-74.1291864,950000
40.891937,-73.84547599999999,100000
40.8568357,-73.89256759999999,330000
40.838658,-73.835184,475000
40.8880515,-73.9162964,295714
40.838673,-73.82209,355000
40.826245,-73.84512,395200
40.837715,-73.831689,480000
40.902205,-73.89889099999999,900000
40.817034,-73.900059,480000
40.839259,-73.91269799999999,18700000
40.838989,-73.8244519,485000
40.87615700000001,-73.9021209,474000
40.8776,-73.899151,385000
40.878436,-73.842448,100000
40.816525,-73.898169,438000
40.87621499999999,-73.84516900000001,200000
40.845449,-73.85125599999999,376600
40.88852199999999,-73.846255,319160
40.8890817,-73.9136712,287670
40.836873,-73.835678,322500
40.879909,-73.843655,375000
40.8144125,-73.8868227,175000
40.8237119,-73.8961065,435000
40.8432583,-73.8359071,3650000
40.872493,-73.859107,340000
40.8446983,-73.8649236,534000
40.883579,-73.90374500000001,515000
40.8195742,-73.8868708,340000
40.8340106,-73.8999338,28636
40.829898,-73.900413,283500
40.844521,-73.854074,325000
40.8807062,-73.9175884,400000
40.869852,-73.888271,240000
40.831299,-73.899071,2400000
40.83667,-73.865588,129999
40.805456,-73.91632249999999,1300000
40.83868200000001,-73.837751,175000
40.8488715,-73.8657838,465000
40.9012336,-73.90651,180000
40.875974,-73.8365029,481940
40.8333822,-73.9213465,7000000
40.8655972,-73.85495689999999,510000
40.903721,-73.89804590000001,780000
40.828035,-73.81284699999999,595000
40.817754,-73.9201114,162000
40.8874611,-73.9034314,566875
40.869908,-73.84188,379000
40.8104299,-73.92446799999999,15437
40.8381597,-73.83667369999999,69000
40.83469700000001,-73.909904,160000
40.8625498,-73.90643639999999,1300000
40.83556360000001,-73.91743269999999,140000
40.883396,-73.909448,820000
40.860774,-73.903756,390000
40.839427,-73.83521,480000
40.832258,-73.89585799999999,477146
40.872058,-73.836226,350000
40.8156164,-73.9072107,733261
40.880014,-73.897154,101400
40.83149100000001,-73.879038,198000
40.856381,-73.892455,1350000
40.84859,-73.86384600000001,10000
40.8841279,-73.8786049,18825000
40.882862,-73.90872800000001,320000
40.830787,-73.880747,385000
40.8452569,-73.857016,250000
40.846265,-73.86392699999999,225000
40.8359696,-73.865324,60500
40.839633,-73.87469,180000
40.864674,-73.88935900000001,3975000
40.8527712,-73.89249339999999,3100000
40.851253,-73.907702,650000
40.883631,-73.84850899999999,240000
40.87939799999999,-73.908169,450000
40.86213499999999,-73.90196399999999,520000
40.846144,-73.824378,270000
40.884029,-73.892021,2625
40.8830823,-73.8358968,462000
40.81998,-73.928219,385000
40.832105,-73.85966499999999,79500
40.8764838,-73.9187345,231696
40.851187,-73.832303,432000
40.877951,-73.9051305,7015000
40.8947853,-73.91045760000002,1350000
40.86710300000001,-73.837694,399000
40.859389,-73.896253,360000
40.853501,-73.789366,10
40.7147542,-74.0024054,365970
40.855256,-73.86942599999999,131500
40.8605567,-73.90571659999999,300000
40.8552607,-73.89346859999999,435919
40.80945,-73.8560339,33000
40.867267,-73.846818,360000
40.8858061,-73.9031622,487500
40.865752,-73.85847199999999,1200000
40.890676,-73.83912590000001,396550
40.8114817,-73.8892242,300000
40.85584,-73.854929,520000
40.854142,-73.905473,224000
40.851298,-73.857387,535000
40.844992,-73.830184,472500
40.876129,-73.845124,152000
40.840912,-73.8545918,135000
40.815047,-73.86275499999999,315000
40.841276,-73.867068,420000
40.827216,-73.815597,357000
40.90917,-73.905604,264563
40.871699,-73.90317999999999,395100
40.839182,-73.9093862,145000
40.820843,-73.907534,154500
40.84779,-73.88977299999999,439900
40.848673,-73.860322,336020
40.885653,-73.902337,70000
40.836548,-73.91181,4447888
40.8344256,-73.89127529999999,390000
40.8354315,-73.8560948,860000
40.892611,-73.842326,345000
40.876129,-73.879302,817500
40.86844600000001,-73.835858,560000
40.8486863,-73.9150583,196784
40.8623026,-73.8944132,34640000
40.8410141,-73.8627802,120000
40.892157,-73.845788,335000
40.826622,-73.89640299999999,65000
40.8626675,-73.9079766,10500000
40.870736,-73.835988,465000
40.880851,-73.917254,216666
40.88012459999999,-73.8365863,107333
40.830055,-73.888206,630000
40.8783267,-73.8748626,179000
40.906661,-73.9119149,1331000
40.882903,-73.836046,500000
40.894839,-73.900488,1600000
40.815534,-73.919629,1493862
40.84968500000001,-73.860511,397500
40.83771,-73.832101,378000
40.8068252,-73.91960999999999,325000
40.827439,-73.88859599999999,850000
40.8072469,-73.857371,175000
40.8208146,-73.910519,175000
40.8399058,-73.9246986,95000
40.855061,-73.829951,134070
40.848008,-73.790572,395000
40.816921,-73.903162,295000
40.825846,-73.91788,800000
40.818084,-73.888029,295000
40.877989,-73.9188905,512500
40.891732,-73.84161,495000
40.8321672,-73.8159106,635000
40.911983,-73.90235,545000
40.8823915,-73.8483935,347500
40.83078,-73.914816,4915000
40.871749,-73.90047,287000
40.863236,-73.85611899999999,755000
40.8552908,-73.8917029,455000
40.87469,-73.874397,345438
40.82740099999999,-73.90146899999999,435000
40.831588,-73.896429,2075000
40.896306,-73.8978829,656000
40.813151,-73.91629,733000
40.825967,-73.898059,243000
40.866256,-73.8988229,2181356
40.861241,-73.9049235,208000
40.880908,-73.876235,70000
40.865602,-73.842754,1294183
40.6640372,-73.9611165,238799
40.8698723,-73.88961359999999,625000
40.815312,-73.894097,360000
40.820348,-73.8620569,400000
40.874719,-73.84338799999999,475000
40.818385,-73.896118,460000
40.832364,-73.92733,37000
40.8695261,-73.9060946,153500
40.857554,-73.89390999999999,480000
40.8327751,-73.895239,440000
40.829423,-73.89999,175000
40.8329951,-73.92157879999999,7000000
40.889276,-73.836862,355000
40.83524999999999,-73.82785299999999,540000
40.888697,-73.912154,999000
40.822458,-73.907535,135000
40.830704,-73.888862,415000
40.854614,-73.900908,5850000
40.84308499999999,-73.834465,460000
40.875063,-73.844762,400000
40.805565,-73.92299799999999,158000
40.84397,-73.90702999999999,940000
40.838408,-73.922753,450000
40.814151,-73.8914099,105100
40.890592,-73.83050290000001,290000
40.82852279999999,-73.892208,215000
40.851584,-73.852817,250000
40.8780321,-73.9170041,235000
40.874227,-73.847263,260000
40.8888559,-73.83382,368000
40.85089800000001,-73.859914,420000
40.8859299,-73.9086674,170000
40.830441,-73.85266600000001,300000
40.83534,-73.90952,465000
40.882333,-73.919395,287500
40.816279,-73.850334,436000
40.855784,-73.884631,1225000
40.8361919,-73.829506,396000
40.858794,-73.84594799999999,550000
40.869858,-73.86258,75000
40.8333216,-73.8992049,125000
40.873529,-73.849307,305000
40.84744999999999,-73.860658,355000
40.8714094,-73.9026382,14080000
40.8609814,-73.89815449999999,1900000
40.8273269,-73.85283,525000
40.846747,-73.898539,450000
40.873224,-73.90271299999999,350000
40.836529,-73.819897,290000
40.8544747,-73.90220699999999,10000000
40.879676,-73.92169799999999,225500
40.841276,-73.857558,74000
40.8612921,-73.9040079,2600000
40.8172799,-73.890922,114000000
40.833321,-73.829774,52949
40.829152,-73.89463599999999,360000
40.84134,-73.784599,400000
40.896106,-73.897795,800000
40.8523492,-73.86516449999999,118450
40.83191,-73.887495,3150000
40.873259,-73.857625,410000
40.853645,-73.85248899999999,655000
40.85225,-73.859274,431500
40.80617,-73.91753299999999,1150000
40.7132342,-73.8739987,111249
40.846462,-73.9123709,270000
40.852212,-73.865219,157500
40.859131,-73.869057,144000
40.8788989,-73.8979097,550000
40.854943,-73.856933,512000
40.828225,-73.91466299999999,301875
40.850999,-73.85108799999999,390000
40.883302,-73.83743299999999,625000
40.840988,-73.83192,474000
40.824335,-73.88988300000001,467955
40.8549646,-73.89273539999999,692258
40.85019399999999,-73.88327450000001,641304
40.83097100000001,-73.87907899999999,403000
40.814697,-73.917244,1110000
40.8118709,-73.91904699999999,260000
40.882343,-73.894896,183000
40.8834469,-73.892737,159489
40.876938,-73.852942,290180
40.870686,-73.90222299999999,260000
40.873683,-73.846352,325000
40.844125,-73.9051999,185000
40.818014,-73.920053,35000
40.894172,-73.9094001,402500
40.844856,-73.865635,520000
40.7144479,-73.9290208,107500
40.825042,-73.881492,464000
40.8108907,-73.9058866,38054
40.847508,-73.859517,275000
40.845973,-73.865135,500
40.828541,-73.9240889,600000
40.851172,-73.90071300000001,35000
40.8298188,-73.9231625,30000000
40.86439499999999,-73.84653399999999,360000
40.846097,-73.91498399999999,559000
40.8415419,-73.89201899999999,3466972
40.9106472,-73.8969056,352305
40.8216824,-73.899496,900000
40.8113699,-73.923829,580000
40.875531,-73.844808,334400
40.8966913,-73.908594,185020
40.8754714,-73.8852131,200000
40.818477,-73.900378,410000
40.835575,-73.92651699999999,210000
40.861488,-73.90348399999999,2231928
40.812407,-73.862114,455000
40.87453989999999,-73.87426169999999,8300000
40.831014,-73.921556,4250000
40.89012,-73.9134303,265000
40.902067,-73.897398,828850
40.876102,-73.87418699999999,495000
40.8311052,-73.86908009999999,43000
40.869388,-73.900955,270000
40.815902,-73.8988059,1
40.844615,-73.892228,650000
40.829984,-73.921505,95000
40.8258358,-73.8931071,320000
40.8364959,-73.858701,126750
40.8506027,-73.89479,30000
40.8401837,-73.87021469999999,349450
40.857173,-73.887766,142000
40.828665,-73.916333,19037954
40.818303,-73.90010300000002,400000
40.8117189,-73.85851199999999,335000
40.8797386,-73.92038140000001,293000
40.820562,-73.864014,145000
40.901661,-73.90983899999999,2800000
40.852888,-73.899498,212000
40.805475,-73.92277899999999,363000
40.8953739,-73.89738,15000000
40.884845,-73.893458,3000
40.860839,-73.899958,100000
40.832074,-73.89009399999999,420000
40.8071291,-73.8826481,1050000
40.89099,-73.84417499999999,90000
40.852641,-73.855161,485000
40.867365,-73.864701,560000
40.8466049,-73.865917,1
40.911761,-73.9001716,290000
40.887636,-73.8320449,315000
40.858967,-73.89691599999999,450000
40.834964,-73.91033999999999,334940
40.869112,-73.84857,385000
40.888656,-73.8442309,440000
40.879139,-73.834116,306000
40.842812,-73.83171399999999,630000
40.88503900000001,-73.90697899999999,161000
40.871595,-73.882643,87500
40.84482,-73.857337,400000
40.84773,-73.890827,10800
40.875862,-73.85414999999999,72500
40.889269,-73.84065,463000
40.8637701,-73.89019069999999,200000
40.864951,-73.84464,460000
40.841277,-73.85424499999999,80000
40.8543357,-73.8928457,8500000
40.891418,-73.899,231250
40.839054,-73.86055280000001,80350
40.813987,-73.862489,365000
40.84296,-73.8313469,430000
40.883149,-73.8295706,255000
40.8457757,-73.8325693,875000
40.873345,-73.90458199999999,500000
40.82989,-73.89906599999999,500
40.8373528,-73.8585483,20000
40.849747,-73.83514699999999,255461
40.813154,-73.854939,100000
40.85138999999999,-73.787313,355500
40.8621809,-73.8431949,350000
40.84557,-73.814672,365000
40.8312214,-73.86697459999999,295448
40.836086,-73.836844,412000
40.8638582,-73.900691,10500000
40.869526,-73.888835,150000
40.86121199999999,-73.91092499999999,296000
40.889888,-73.9110345,241450
40.8552509,-73.91530329999999,350000
40.8954471,-73.9090238,233000
40.8421019,-73.82386,250000
40.829992,-73.9163219,640000
40.833067,-73.92795699999999,325000
40.8091884,-73.9185012,1600000
40.848146,-73.85776899999999,375000
40.8619969,-73.902123,520000
40.876925,-73.873572,39000
40.8643305,-73.9075188,75000
40.8385318,-73.8277746,165000
40.9053222,-73.9062015,62500
40.808818,-73.88623,700000
40.834691,-73.858778,253500
40.8663523,-73.90282239999999,9000000
40.854114,-73.851721,425000
40.86833499999999,-73.88317099999999,65000
40.844631,-73.884541,4097600
40.8637898,-73.8932143,1
40.892142,-73.898262,205500
40.8479627,-73.8660053,565000
40.899657,-73.902625,1
40.85637930000001,-73.8933685,100000
40.815965,-73.893463,1100000
40.842014,-73.869181,515000
40.9050385,-73.9064185,77500
40.855126,-73.89666799999999,925000
40.82423199999999,-73.899103,350000
40.8277829,-73.91608699999999,270000
40.892459,-73.83411199999999,200000
40.879041,-73.9161027,156000
40.836491,-73.926468,700000
40.8119889,-73.861441,315000
40.834309,-73.88812999999999,240000
40.852778,-73.917228,495000
40.810961,-73.920019,195000
40.7142537,-74.0026554,721000
40.882326,-73.9083319,113000
40.889921,-73.838424,280000
40.850122,-73.88944699999999,165000
40.851722,-73.855541,485000
40.835938,-73.911809,2250000
40.868673,-73.894199,300000
40.89002,-73.83846199999999,500
40.821601,-73.84645499999999,390000
40.832321,-73.92854899999999,490000
40.847271,-73.847026,260000
40.833817,-73.911378,410000
40.813393,-73.89090259999999,300000
40.8380863,-73.8299919,357500
40.841211,-73.858104,103000
40.859105,-73.909044,281000
40.859553,-73.908638,425000
40.8491349,-73.85745899999999,505000
40.8800119,-73.8970354,124848
40.822337,-73.907586,225000
40.827349,-73.87052,268710
40.870098,-73.85887699999999,245000
40.8828187,-73.8897739,3750
40.88708099999999,-73.909311,314000
40.839337,-73.86946499999999,1500000
40.83408800000001,-73.928202,50000
40.652805,-73.976575,327398
40.714141,-74.002845,1
40.876602,-73.886115,450000
40.8503029,-73.787189,415000
40.8488177,-73.8320188,440000
40.8317679,-73.927076,1525000
40.892365,-73.909239,428250
40.858656,-73.841595,509000
40.848667,-73.83439899999999,500
40.83174,-73.83129799999999,551250
40.814934,-73.908789,2250000
40.892369,-73.90072099999999,300000
40.8802697,-73.843481,485000
40.826215,-73.875069,190000
40.89049199999999,-73.83234399999999,450500
40.859572,-73.896609,5775000
40.82608,-73.910212,100
40.846123,-73.90133,3200000
40.857542,-73.90190199999999,3200000
40.844781,-73.89255399999999,575000
40.854262,-73.9138615,1600000
40.8664784,-73.84780599999999,432000
40.829472,-73.81642099999999,415000
40.841227,-73.886612,410000
40.870439,-73.88275410000001,89000
40.833181,-73.927853,369000
40.8412795,-73.85691849999999,85000
40.885549,-73.906672,457435
40.908985,-73.898139,650000
40.8811511,-73.8756789,132500
40.83004469999999,-73.9137779,2250000
40.845081,-73.78358899999999,150000
40.850938,-73.834476,430000
40.830317,-73.9153721,172505
40.87939919999999,-73.8780225,125000
40.8723826,-73.8657698,61000
40.86960699999999,-73.84925799999999,200000
40.91012200000001,-73.903982,525000
40.8815609,-73.8417217,524421
40.7142265,-73.9854134,463000
40.8287398,-73.92397720000001,600000
40.874401,-73.850802,305500
40.871167,-73.884582,445000
40.880168,-73.91179199999999,229250
40.840106,-73.83557499999999,312000
40.697354,-73.964518,750000
40.864833,-73.86230599999999,450000
40.8557719,-73.8837264,900000
40.890795,-73.844101,399000
40.860847,-73.82461099999999,270000
40.83725200000001,-73.912099,5202112
40.810741,-73.9104,650000
40.843914,-73.831569,435000
40.841944,-73.828716,435000
40.8471436,-73.8938715,24500
40.81941399999999,-73.85937899999999,90000
40.854199,-73.894604,327600
40.831197,-73.91394799999999,2500000
40.8286609,-73.817126,375000
40.832201,-73.893095,268500
40.8828973,-73.836328,519400
40.84669700000001,-73.89146199999999,200000
40.807096,-73.923501,115000
40.85317,-73.900447,250000
40.857039,-73.89770299999999,2950000
40.82527,-73.897154,392418
40.87269999999999,-73.902483,225000
40.852376,-73.857857,180000
40.8523225,-73.88440949999999,900000
40.852279,-73.8984739,900000
40.840102,-73.86449999999999,457000
40.887699,-73.9100069,287500
40.836336,-73.91096499999999,430000
40.868569,-73.852107,500000
40.8685362,-73.86276260000001,100000
40.86833499999999,-73.8404599,475000
40.810827,-73.9040909,167010
40.821003,-73.90422099999999,520000
40.835653,-73.827479,380000
40.8706699,-73.86269399999999,340000
40.863484,-73.890626,206700
40.817087,-73.853348,450000
40.858955,-73.88770199999999,255000
40.847638,-73.82994699999999,500000
40.8392845,-73.862674,125000
40.891332,-73.847173,510000
40.816846,-73.8574469,337500
40.836994,-73.864093,515000
40.83818,-73.925645,2814
40.860164,-73.854702,557000
40.829135,-73.917236,250000
40.81173099999999,-73.8844809,499000
40.8139899,-73.8590679,386281
40.8255431,-73.9254711,180110
40.873645,-73.847349,190000
40.833497,-73.91220799999999,519750
40.872677,-73.849876,215000
40.8793567,-73.8468268,10
40.8611866,-73.83712009999999,125000
40.862646,-73.898534,8850000
40.850471,-73.91185899999999,412500
40.8770855,-73.9019496,78469
40.8167,-73.85741399999999,180000
40.882511,-73.914288,639000
40.8679421,-73.8356148,470000
40.878981,-73.898816,148071
40.861192,-73.8702634,175000
40.82937889999999,-73.91812259999999,70000
40.834072,-73.911231,211650
40.880861,-73.910746,165000
40.882652,-73.91705,175500
40.8307437,-73.9117402,4800000
40.812026,-73.85725699999999,393000
40.830879,-73.89896499999999,16166
40.8755359,-73.888014,288000
40.863555,-73.901335,5107500
40.8303579,-73.916518,595000
40.847897,-73.85868900000001,380000
40.809313,-73.8579759,119900
40.8459769,-73.8679133,550000
40.8528561,-73.8848196,60000
40.88467199999999,-73.902467,570000
40.882622,-73.90734499999999,480000
40.84623,-73.832887,90000
40.8602305,-73.8922242,245000
40.83382599999999,-73.82047299999999,385000
40.850116,-73.902526,225000
40.8210686,-73.9041438,565000
40.824293,-73.8504109,499500
40.855348,-73.885165,469000
40.878248,-73.898612,352000
40.8398899,-73.888857,500000
40.830774,-73.9040629,164800
40.85481499999999,-73.869287,131333
40.8304479,-73.8900479,435000
40.890522,-73.8322419,450500
40.87817099999999,-73.85246699999999,580000
40.852334,-73.856019,440000
40.849358,-73.865045,750000
40.8425439,-73.916849,6450000
40.840463,-73.81749599999999,490000
40.887659,-73.905571,700000
40.879151,-73.87764899999999,95000
40.81433500000001,-73.86489499999999,455800
40.8517411,-73.9062204,319000
40.81807,-73.8881229,135000
40.870044,-73.864034,515000
40.852011,-73.86559690000001,45000
40.8525571,-73.86499839999999,70000
40.842825,-73.822001,650000
40.8655815,-73.86892449999999,11400000
40.84443,-73.89272799999999,11200000
40.8272369,-73.888222,25000
40.889611,-73.9173,1440000
40.88389,-73.903195,527000
40.84498,-73.864397,575000
40.8427239,-73.867159,295000
40.842444,-73.82690199999999,380000
40.895013,-73.90635,875000
40.847364,-73.86061,192500
40.8609579,-73.82427899999999,130000
40.874674,-73.8779349,7550000
40.906493,-73.897227,7530000
40.82391399999999,-73.848005,349000
40.87542699999999,-73.835855,328000
40.823049,-73.878153,371000
40.846393,-73.820455,510000
40.836835,-73.82384379999999,778961
40.835555,-73.859421,118000
40.8354623,-73.88849549999999,900000
40.861408,-73.895855,6200000
40.85037,-73.911924,412500
40.8809469,-73.89723699999999,10
40.844467,-73.857064,10
40.841748,-73.85659799999999,83000
40.8752003,-73.88669990000001,129250
40.8372102,-73.90798269999999,125000
40.834574,-73.909975,335000
40.897216,-73.906414,1675000
40.84832,-73.82950799999999,800000
40.8527879,-73.89264399999999,2800000
40.845553,-73.84915300000002,430000
40.89105199999999,-73.843597,363500
40.847646,-73.9189518,3528928
40.828048,-73.887579,2450000
40.843848,-73.83176999999999,361000
40.8386594,-73.9166576,663481
40.88720199999999,-73.834057,15000
40.821857,-73.898676,268000
40.854873,-73.913456,549000
40.801178,-73.9147519,222000
40.8120369,-73.85452099999999,500
40.860777,-73.847719,472500
40.879307,-73.881731,250000
40.8432098,-73.9117098,90000
40.82035680000001,-73.88689459999999,425000
40.8563342,-73.893248,400000
40.870814,-73.892595,265000
40.868757,-73.854372,309000
40.882782,-73.837148,600000
40.8739293,-73.8854329,1000000
40.8675581,-73.8944892,405000
40.81314,-73.888324,250000
40.862505,-73.84792399999999,590000
40.817985,-73.904515,1
40.80771,-73.887061,3975000
40.883659,-73.848578,340000
40.869114,-73.889729,775000
40.8350906,-73.9159829,4500000
40.853463,-73.83334099999999,640000
40.8207652,-73.90662189999999,190000
40.827591,-73.876712,330000
40.878759,-73.902356,119000
40.890186,-73.84151899999999,395000
40.850212,-73.895923,500
40.8297451,-73.91441429999999,20084625
40.910965,-73.906392,835000
40.8619891,-73.90204489999999,520000
40.882452,-73.89670199999999,150000
40.88261199999999,-73.883569,525000
40.848838,-73.86868299999999,10
40.877289,-73.8438369,465000
40.8336548,-73.9307266,435000
40.859206,-73.908519,115000
40.88564700000001,-73.896056,500
40.825069,-73.876678,507000
40.864201,-73.8599459,545000
40.8352447,-73.9299154,185562
40.808635,-73.931889,26000000
40.819735,-73.9080309,482000
40.8067795,-73.9267236,1800000
40.821207,-73.8954086,9216513
40.80714100000001,-73.858192,257500
40.8555143,-73.9127859,10
40.841792,-73.91516779999999,4100000
40.8127333,-73.85924760000002,288746
40.833967,-73.86848499999999,220000
40.8364762,-73.9263421,350000
40.873799,-73.86442,190000
40.87119,-73.837861,597751
40.8248799,-73.923424,185333
40.840006,-73.829253,320000
40.868143,-73.85249000000002,330000
40.86095,-73.90295139999999,1000
40.8410439,-73.86107799999999,91000
40.865845,-73.865697,560000
40.878201,-73.844696,250000
40.85927,-73.90584,600000
40.8839639,-73.9087385,307675
40.8646489,-73.9082109,98333
40.8330955,-73.90143599999999,95000
40.857644,-73.89384799999999,480000
40.867143,-73.866591,345000
40.839689,-73.867684,400000
40.8594099,-73.83650700000001,688000
40.902574,-73.90995,1275000
40.8800533,-73.9197387,220500
40.8906403,-73.84049399999999,525000
40.880583,-73.899965,166000
40.8361777,-73.8601462,97970
40.835057,-73.908812,265000
40.832553,-73.894712,479000
40.845063,-73.861614,180000
40.868231,-73.849302,450000
40.818256,-73.85181399999999,383870
40.8309507,-73.9039311,315000
40.8351,-73.90965899999999,10
40.8287947,-73.8822223,218500
40.87086,-73.85784,445200
40.832773,-73.930725,320000
40.8648859,-73.8923672,5700000
40.8810843,-73.9224605,706000
40.8566228,-73.8838931,270000
40.8480499,-73.9220224,449000
40.85380300000001,-73.829392,379000
40.883814,-73.837661,352000
40.845191,-73.867628,500
40.818205,-73.88582,2130000
40.87977,-73.83331199999999,550000
40.813071,-73.861643,310000
40.8560503,-73.8927908,156500
40.9118724,-73.8985537,162500
40.8611836,-73.8475211,530000
40.8526766,-73.8849132,100000
40.817842,-73.922253,4200000
40.818137,-73.887671,320000
40.870286,-73.869598,387000
40.814599,-73.907141,4251429
40.81657999999999,-73.898112,580000
40.881254,-73.83185999999999,269000
40.883331,-73.84779499999999,610844
40.846817,-73.787077,455000
40.88436799999999,-73.9048789,340000
40.872459,-73.835431,230000
40.8864541,-73.91172089999999,359534
40.8579008,-73.8706277,172000
40.883653,-73.91457700000001,175000
40.851557,-73.900964,383000
40.838909,-73.83385799999999,385000
40.851401,-73.8496399,426000
40.846719,-73.81763699999999,525000
40.859229,-73.905728,956000
40.84784459999999,-73.8596276,430000
40.8172939,-73.889148,210000
40.8387334,-73.8231649,302500
40.8539542,-73.8936727,4250000
40.851314,-73.91824199999999,400000
40.86499329999999,-73.8883377,420000
40.84381,-73.8282,434200
40.835972,-73.86070099999999,90000
40.8257819,-73.90546499999999,559212
40.8337999,-73.865107,530000
40.836219,-73.82670399999999,325000
40.87268299999999,-73.8432799,451500
40.8412775,-73.83219199999999,200000
40.828384,-73.91555799999999,365000
40.892206,-73.843684,323850
40.810469,-73.904017,430000
40.8758685,-73.88732569999999,1100000
40.817031,-73.8945789,376000
40.863717,-73.85170800000002,370800
40.866337,-73.90214200000001,6725000
40.86572169999999,-73.8925009,111000
40.886125,-73.90404099999999,260000
40.812842,-73.85531999999999,341250
40.80874,-73.88812,3762500
40.8546313,-73.8850808,2025000
40.88035,-73.913254,1250000
40.873009,-73.903998,558000
40.8333012,-73.90928,1100000
40.84134,-73.8578579,117500
40.858399,-73.90137,724292
40.8778409,-73.9030499,1200000
40.8817523,-73.83595389999999,55000
40.85134,-73.853718,510000
40.8407212,-73.86264849999999,10
40.87489799999999,-73.856572,10
40.840317,-73.83512999999999,520000
40.842915,-73.90128,2450000
40.818528,-73.859146,340000
40.852222,-73.900402,450000
40.8414689,-73.867727,205000
40.9080396,-73.9054263,211166
40.853505,-73.858019,425000
40.85280179999999,-73.8848283,70000
40.878422,-73.89937499999999,10
40.8905697,-73.83223679999999,450500
40.852796,-73.85033,470000
40.8568828,-73.88570299999999,2650000
40.8772543,-73.8526077,370000
40.8251874,-73.88866329999999,150000
40.8826589,-73.911244,343750
40.81697399999999,-73.894637,505000
40.8746269,-73.847478,365000
40.824498,-73.854776,220000
40.8387737,-73.88685459999999,345000
40.865082,-73.851376,282000
40.844897,-73.8827604,5300000
40.875774,-73.853984,301600
40.82857,-73.86339699999999,420000
40.8203667,-73.8858187,1865000
40.855241,-73.913763,4025000
40.84348,-73.863289,282000
40.842668,-73.82916,315000
40.854504,-73.9137049,2051000
40.849142,-73.86404499999999,435000
40.861903,-73.862436,272000
40.81302,-73.858486,318000
40.841059,-73.87049499999999,320000
40.835333,-73.862278,800000
40.864672,-73.866672,420000
40.8379755,-73.819971,900000
40.8371442,-73.8572204,100000
40.8567876,-73.89244819999999,225000
40.8787453,-73.8434927,1000
40.8909949,-73.837071,365000
40.886708,-73.905041,226416
40.8617809,-73.9001208,175000
40.8711709,-73.837949,469000
40.851178,-73.911615,1
40.827113,-73.91639300000001,420000
40.873848,-73.845004,430540
40.857169,-73.897645,2700000
40.83584099999999,-73.911866,477594
40.840424,-73.81956400000001,460000
40.842948,-73.83564,578000
40.823639,-73.84795199999999,280000
40.846583,-73.91353,325000
40.8353427,-73.8577402,105000
40.80478799999999,-73.914153,2400000
40.888602,-73.845136,422000
40.814157,-73.8644489,499000
40.830232,-73.916591,497500
40.860327,-73.84022999999999,340000
40.853356,-73.882521,1100000
40.834285,-73.827744,10
40.86723200000001,-73.85646,530000
40.831323,-73.93095500000001,550000
40.905375,-73.89961,1394000
40.814673,-73.849408,291771
40.9068884,-73.90598229999999,250888
40.859998,-73.9001319,1000000
40.819137,-73.887418,369000
40.830913,-73.86098,490000
40.8371404,-73.8823847,165000
40.848389,-73.864142,240000
40.844498,-73.82703099999999,683000
40.8768921,-73.9177304,370764
40.854512,-73.88456699999999,1285000
40.888349,-73.844078,1000
40.806931,-73.92706799999999,655000
40.873754,-73.845996,251000
40.8742949,-73.883753,111770
40.8802403,-73.8433977,345000
40.87435199999999,-73.84125999999999,300000
40.860183,-73.86211999999999,450000
40.814426,-73.85722799999999,425000
40.856689,-73.893289,385000
40.84872499999999,-73.8642629,400000
40.8054562,-73.9345444,389000
40.8664,-73.85799700000001,682227
40.884275,-73.91219699999999,242000
40.840597,-73.83274399999999,475000
40.8841776,-73.8974777,10215000
40.892866,-73.835735,530000
40.861386,-73.836454,650000
40.888166,-73.903691,350000
40.818345,-73.860046,445000
40.842312,-73.833399,10
40.833608,-73.885449,500
40.807346,-73.927521,1
40.848337,-73.91722899999999,10
40.8952638,-73.91563409999999,25000
40.882042,-73.83222479999999,50000
40.6270529,-74.127842,215000
40.83534,-73.817702,267000
40.8474849,-73.8940446,202808
40.829625,-73.86636399999999,425000
40.833513,-73.895698,600000
40.852024,-73.865223,114499
40.875894,-73.854203,300000
40.844264,-73.8902559,300000
40.8373882,-73.8710456,38000000
40.831788,-73.895569,319844
40.865042,-73.905846,5072500
40.824513,-73.84798099999999,468000
40.810287,-73.920372,195000
40.897427,-73.90341699999999,2350000
40.838294,-73.900069,377500
40.8156884,-73.88764979999999,2910000
40.863771,-73.85265,475000
40.866833,-73.862251,465000
40.8292324,-73.9084309,2000000
40.852871,-73.88377,316800
40.8560715,-73.9002373,10200000
40.8444069,-73.855929,410700
40.8812285,-73.8458272,159750
40.907374,-73.90048399999999,650000
40.9021169,-73.900098,145000
40.828969,-73.912796,400000
40.850209,-73.86388199999999,366100
40.833884,-73.930088,190000
40.810494,-73.849914,420557
40.808589,-73.85731899999999,145000
40.8882092,-73.90461979999999,143750
40.8638649,-73.85828699999999,415000
40.83943970000001,-73.837176,2750000
40.8591568,-73.8979073,3500000
40.8814014,-73.9223116,10
40.828001,-73.889301,425000
40.86511000000001,-73.888969,491660
40.870366,-73.877529,4125000
40.833758,-73.85799700000001,1550000
40.6075746,-73.9872796,395515
40.846849,-73.90953499999999,25600000
40.830193,-73.866148,100
40.6924393,-73.92778349999999,484310
40.8408193,-73.8894298,2049000
40.837839,-73.824519,333412
40.828207,-73.918769,2050000
40.838928,-73.91953099999999,9000000
40.848861,-73.884496,300000
40.806759,-73.922698,1495000
40.846335,-73.887693,459200
40.871645,-73.889242,8400000
40.881088,-73.9110929,135000
40.8527283,-73.9117034,375000
40.80592499999999,-73.92384799999999,185000
40.8548892,-73.8928103,581540
40.87098599999999,-73.906014,2754
40.810241,-73.8536759,492000
40.878022,-73.899982,368000
40.869266,-73.86605899999999,500
40.830794,-73.816863,349800
40.880572,-73.842291,65000
40.81089,-73.9058876,30919
40.844361,-73.8215208,108750
40.859831,-73.8331,685000
40.841713,-73.81960699999999,442900
40.826011,-73.917377,1200000
40.896624,-73.9001569,1360000
40.872276,-73.845592,370000
40.868553,-73.86464699999999,417336
40.846034,-73.914812,586000
40.853164,-73.830618,275000
40.8534031,-73.8636617,116500
40.830538,-73.869652,505000
40.841644,-73.87024699999999,330000
40.858531,-73.86534999999999,467000
40.807079,-73.85781899999999,225000
40.8358429,-73.9089149,425000
40.805443,-73.93451189999999,958333
40.844872,-73.8634359,292000
40.818341,-73.887729,521000
40.84617,-73.854439,300000
40.8431866,-73.8637268,392945
40.8526689,-73.9036746,10025000
40.833986,-73.91128100000002,500
40.81917,-73.92164799999999,526000
40.835279,-73.86165799999999,104000
40.83079900000001,-73.83376799999999,550000
40.832627,-73.929851,745000
40.8320427,-73.89620660000001,472000
40.8486769,-73.8998301,2100000
40.82868,-73.864397,226000
40.8284743,-73.9206036,21000
40.6162965,-74.0997027,235500
40.8379853,-73.8584829,110000
40.8596959,-73.898113,500000
40.846663,-73.868139,440000
40.823174,-73.853617,350000
40.8513221,-73.88262689999999,2563953
40.8541839,-73.88968770000001,1400000
40.817788,-73.891756,226456
40.87303199999999,-73.902368,275000
40.87769,-73.851773,285500
40.879694,-73.839635,218000
40.8908773,-73.8455073,10
40.8514539,-73.906823,250000
40.829548,-73.888691,280000
40.824169,-73.90218999999999,100000
40.859647,-73.894165,2800000
40.889152,-73.911407,622250
40.811946,-73.918465,973840
40.854144,-73.83318799999999,400000
40.852697,-73.829174,120000
40.864377,-73.85616499999999,457000
40.8477869,-73.89286799999999,560000
40.8217196,-73.8509724,360000
40.8548038,-73.8929043,658620
40.8647901,-73.9071597,140000
40.7258739,-73.9416896,43784
40.851186,-73.78815399999999,765000
40.8470889,-73.7843989,235000
40.846148,-73.782776,370000
40.871954,-73.8469159,492000
40.89009799999999,-73.836603,556200
40.880275,-73.845232,350000
40.84254,-73.865611,2244000
40.846789,-73.881812,400000
40.866347,-73.888781,6200000
40.834909,-73.818446,374000
40.834435,-73.918442,8100000
40.8565526,-73.8501682,535000
40.861461,-73.82556699999999,60000
40.889095,-73.903335,249833
40.8542622,-73.8929224,1355000
40.81832199999999,-73.896339,950000
40.8916925,-73.83842589999999,539672
40.815313,-73.8479119,150000
40.828788,-73.912319,540000
40.8441394,-73.8203651,315000
40.823897,-73.84584,423000
40.880291,-73.91682500000002,275000
40.848436,-73.884407,240000
40.8408749,-73.822341,520000
40.876603,-73.841453,450000
40.8431167,-73.8876794,125000
40.841748,-73.867571,250000
40.831441,-73.9165249,510000
40.86231799999999,-73.901828,535000
40.817091,-73.900001,480000
40.850869,-73.834482,445000
40.879952,-73.84076499999999,382000
40.891139,-73.831724,280000
40.7199072,-73.8449725,840000
40.8385108,-73.8608118,102500
40.8493585,-73.906842,1667000
40.84579,-73.824326,530000
40.829794,-73.87625799999999,225000
40.849007,-73.784998,450000
40.8397975,-73.8614489,96000
40.8604172,-73.9070725,405725
40.8748879,-73.8437869,599000
40.83573,-73.823375,350000
40.8527539,-73.9027648,1500000
40.8723236,-73.8592434,270000
40.85008,-73.889473,479000
40.880367,-73.845438,300000
40.8649569,-73.890923,42000
40.8600179,-73.840243,525000
40.872421,-73.870081,115000
40.8461098,-73.78867,400000
40.887177,-73.829953,352450
40.841024,-73.82467400000002,415000
40.824998,-73.878016,287000
40.8097755,-73.8860653,365000
40.828824,-73.91545099999999,430000
40.83846399999999,-73.87039299999999,319000
40.8392656,-73.8611632,65000
40.6911096,-74.0193319,340000
40.84045700000001,-73.83137599999999,480000
40.821087,-73.9029089,30000
40.86387209999999,-73.9084522,80000
40.8341733,-73.8605884,111000
40.813817,-73.8875149,180000
40.8818355,-73.9215846,466816
40.851557,-73.853838,1000
40.830633,-73.869304,470000
40.833348,-73.875196,440000
40.8822878,-73.9074685,139250
40.888876,-73.844318,405800
40.8387804,-73.7847743,340000
40.842524,-73.8355629,525000
40.86974600000001,-73.887434,3050000
40.819122,-73.887509,337500
40.886761,-73.826865,1100000
40.884185,-73.91185399999999,326666
40.8899702,-73.9125105,355000
40.850927,-73.89683699999999,128778
40.88393,-73.90326600000002,525000
40.8694599,-73.835318,285000
40.830589,-73.864819,415000
40.8508319,-73.86124199999999,386500
40.839172,-73.822213,460000
40.807666,-73.85625,275000
40.8431468,-73.9135774,1
40.880048,-73.921165,278300
40.805752,-73.856615,199000
40.825745,-73.895168,420000
40.869172,-73.863702,230000
40.8442459,-73.8150641,385000
40.825125,-73.906621,96600
40.87350199999999,-73.848276,305000
40.879639,-73.850172,335000
40.8511219,-73.8999879,7600000
40.852897,-73.83151099999999,557500
40.897773,-73.90849899999999,815000
40.882145,-73.849386,475000
40.838389,-73.902267,390000
40.8362999,-73.8649799,95000
40.830464,-73.88938499999999,10000
40.8375265,-73.8524568,60000
40.81768599999999,-73.889383,437718
40.8037517,-73.9118304,600000
40.853596,-73.903679,4650000
40.81638,-73.847762,470000
40.831432,-73.890479,100000
40.86954970000001,-73.9032751,14750000
40.81941,-73.907129,300000
40.873287,-73.877511,550000
40.8646906,-73.9080235,150000
40.855672,-73.9135189,189000
40.849656,-73.91782200000002,13693008
40.812465,-73.917687,420000
40.8929789,-73.910764,2875000
40.8644589,-73.843057,338000
40.5796998,-74.10929329999999,32000000
40.851185,-73.896037,525200
40.875082,-73.880967,270000
40.845707,-73.849306,570000
40.843075,-73.818175,580000
40.836563,-73.86971299999999,830000
40.831226,-73.88854599999999,354900
40.866692,-73.85705,1050000
40.878492,-73.851822,621132
40.848691,-73.86292,470000
40.8387078,-73.85491809999999,100700
40.892376,-73.84030299999999,455000
40.8560116,-73.8686693,100000
40.7132342,-73.8739988,120833
40.875881,-73.867813,503500
40.8307829,-73.865464,140000
40.861734,-73.903318,7518072
40.8623681,-73.8527051,632000
40.89247599999999,-73.90768899999999,749000
40.8167885,-73.9113816,50000
40.848661,-73.86327899999999,536450
40.86092499999999,-73.82526899999999,195000
40.875923,-73.839542,308000
40.820064,-73.887618,412000
40.881942,-73.82733999999999,280000
40.876876,-73.842581,320000
40.8516285,-73.8422169,200000
40.81321399999999,-73.886421,375000
40.874645,-73.885049,290000
40.852315,-73.918961,300000
40.830875,-73.8194917,455000
40.864342,-73.844075,380250
40.8626482,-73.8509223,525000
40.8774592,-73.87526439999999,230000
40.855289,-73.88866700000001,5800000
40.82647679999999,-73.9153603,50000
40.8401254,-73.86197659999999,108500
40.885406,-73.91447099999999,522500
40.836974,-73.916745,207000
40.851745,-73.913129,323400
40.827773,-73.85251699999999,445000
40.8103309,-73.90486589999999,775000
40.87885199999999,-73.844689,423280
40.8822602,-73.8482037,212000
40.819769,-73.907601,329000
40.878252,-73.8383406,478500
40.85958,-73.847056,490000
40.8463199,-73.8608069,325000
40.818787,-73.910138,365000
40.835448,-73.8299844,1300000
40.8526079,-73.888342,490000
40.866793,-73.851618,230000
40.864344,-73.83858099999999,398000
40.8255066,-73.925365,175000
40.820116,-73.88816899999999,4300000
40.8642779,-73.9082779,73000
40.8196045,-73.88893019999999,479000
40.830454,-73.911952,420500
40.834582,-73.827879,569000
40.852168,-73.90079399999999,372000
40.85345700000001,-73.83324999999999,35000
40.870532,-73.84959599999999,345000
40.839545,-73.822487,395000
40.814231,-73.902379,355000
40.835736,-73.82139099999999,477000
40.886502,-73.83468599999999,499000
40.851963,-73.9175659,4730000
40.843136,-73.83505,575000
40.847608,-73.909407,12500000
40.82556,-73.91730199999999,800000
40.847287,-73.866157,1000000
40.835408,-73.912502,490000
40.863948,-73.852644,435000
40.82824000000001,-73.899281,170500
40.891734,-73.833561,10
40.8567411,-73.79140919999999,1750000
40.868771,-73.906349,470000
40.8407867,-73.92711489999999,390500
40.8398423,-73.858143,105000
40.828837,-73.914305,800000
40.825163,-73.87962399999999,370000
40.891413,-73.90923599999999,390000
40.819684,-73.908052,125000
40.818701,-73.887002,7600000
40.844841,-73.881074,2855000
40.868667,-73.882387,86500
40.8829909,-73.82963099999999,255000
40.8534409,-73.863249,550000
40.817429,-73.899658,590000
40.824746,-73.847341,375000
40.890456,-73.834823,485500
40.879437,-73.917542,147375
40.8308161,-73.9122206,380000
40.857425,-73.887969,325000
40.8561764,-73.88533040000002,385000
40.850617,-73.888783,430000
40.830741,-73.890896,250000
40.8330569,-73.87952,470000
40.87413799999999,-73.851277,190000
40.825216,-73.879637,265000
40.848655,-73.856393,520000
40.838798,-73.833016,425000
40.830065,-73.898433,185000
40.861786,-73.900438,1540000
40.858449,-73.870508,145000
40.850969,-73.85930499999999,490000
40.86434999999999,-73.900736,240500
40.838394,-73.870392,479000
40.8412491,-73.85480559999999,63000
40.85266,-73.85475799999999,479000
