40.605399,-74.009188,1015000
40.6849651,-73.94033619999999,865000
40.68724599999999,-73.93704,90000
40.607552,-74.008129,537500
40.6224626,-73.9342795,900000
40.603591,-74.00368999999999,420000
40.6860715,-73.9531928,1045000
40.7864242,-73.9516513,565000
40.7400295,-74.00931419999999,460000
40.634124,-74.02188799999999,600000
40.606846,-74.0050909,510000
40.682333,-73.940552,950000
40.6279899,-73.99361999999999,700000
40.5985486,-73.9987948,565000
40.690304,-73.93620299999999,1375000
40.615287,-73.999791,1038000
40.7751593,-73.9516081,660000
40.6864149,-73.946935,745000
40.634734,-74.031104,260500
40.682621,-73.94046,600000
40.7707542,-73.9603105,272702
40.630322,-74.015997,1450000
40.68074,-73.941307,650000
40.631966,-73.98967999999999,867000
40.67786400000001,-73.924419,626000
40.773486,-73.9553685,215000
40.6441177,-73.9981469,425000
40.6937824,-73.9562128,28600000
40.6887432,-73.9296045,1795835
40.684451,-73.92451799999999,720000
40.686898,-73.926547,1125000
40.633925,-74.036242,160000
40.68871,-73.9373109,10
40.7122708,-73.9978354,305000
40.6920829,-73.940624,635000
40.686482,-73.92414099999999,1300000
40.60637,-74.015599,1450000
40.685206,-73.9349144,738231
40.6825196,-73.9856126,1600000
40.634322,-73.9932199,25000000
40.622188,-74.0009929,19012
40.6154129,-73.989125,655000
40.634851,-74.02717600000001,1205000
40.617238,-73.998161,530000
40.613435,-73.998767,715000
40.6976032,-73.9579579,500000
40.6144811,-74.0369158,289500
40.6008365,-74.0036183,945000
40.631129,-73.989464,141500
40.6978084,-73.9577308,446160
40.69126,-73.94365599999999,125000
40.609558,-74.004272,1200000
40.685495,-73.928495,999000
40.693307,-73.957117,315433
40.67912,-73.936227,720000
40.692355,-73.931679,260000
40.628333,-73.98961,1900000
40.610116,-74.012393,640000
40.6030609,-74.01393399999999,765000
40.6933777,-73.94683309999999,771324
40.607297,-74.00656599999999,1250000
40.680454,-73.939601,1575000
40.6193447,-74.0398672,259000
40.683967,-73.93934399999999,1200000
40.637847,-73.983671,903000
40.6044016,-74.00586109999999,580000
40.7607202,-74.0020582,774000
40.6878453,-73.9912598,855000
40.6049055,-74.0171067,245000
40.686647,-73.9292,1330000
40.633118,-74.03375799999999,1295000
40.689077,-73.94311499999999,1450000
40.684807,-73.92810999999999,680000
40.771284,-73.9481046,840000
40.678331,-73.940766,265000
40.6199092,-74.03275719999999,1460000
40.6338579,-73.98933,1120000
40.771114,-73.9623359,875000
40.7484483,-73.98793119999999,2200000
40.613942,-74.035484,212500
40.63747,-73.981562,1200000
40.787057,-73.975018,10
40.7799909,-73.9508054,820000
40.687672,-73.9464969,50000
40.6037559,-74.0161571,250000
40.613487,-73.989406,1010000
40.6137197,-73.98755990000001,875000
40.685968,-73.99377299999999,1545000
40.600622,-74.00558099999999,200000
40.619279,-73.988517,688888
40.612845,-74.005281,700000
40.6821709,-73.94194399999999,220005
40.691292,-73.94336799999999,250000
40.630844,-73.981151,1100000
40.60411999999999,-74.01055199999999,750000
40.6038184,-74.0171841,231437
40.633252,-73.98966,1500000
40.798706,-73.972092,450000
40.68856299999999,-73.958148,350000
40.693897,-73.94686399999999,499000
40.67973,-73.925743,1400000
40.627906,-73.9148,620000
40.778197,-73.981414,375333
40.68498,-73.943596,1200000
40.689302,-73.94479,940000
40.619954,-73.986237,950000
40.637671,-74.0308249,202666
40.611503,-74.004581,1180000
40.687754,-73.958866,940000
40.76745760000001,-73.9964457,1153333
40.677743,-73.924384,660000
40.618455,-73.908928,750000
40.7536196,-73.9740489,308500
40.778819,-73.978651,1
40.689878,-73.940247,699225
40.683266,-73.947881,900000
40.680015,-73.9524859,1605000
40.629281,-74.03782,2175000
40.62726199999999,-73.993404,1350000
40.690097,-73.940769,990000
40.61274,-73.975752,599000
40.686059,-73.953895,1100000
40.617002,-73.90638,752500
40.636308,-73.985654,285000
40.680748,-73.937411,8000000
40.634026,-74.03067899999999,150750
40.615844,-74.022595,1300000
40.693283,-73.94327899999999,910000
40.688536,-73.954337,999000
40.7696534,-73.9483549,779000
40.7662072,-73.99734889999999,571335
40.69010230000001,-73.9430465,695000
40.679967,-73.93775,1300000
40.68284500000001,-73.92574499999999,1175000
40.622907,-73.914254,558000
40.689847,-73.94051999999999,10
40.619171,-73.97987599999999,1400000
40.6830855,-73.9353277,1100000
40.635976,-73.98661299999999,970616
40.689276,-73.941443,500000
40.689817,-73.94079099999999,1160000
40.687703,-73.946116,865000
40.622287,-73.98884,1250000
40.7136974,-73.9796078,785000
40.626631,-73.981808,750000
40.687797,-73.9450476,1690000
40.69174599999999,-73.943546,235000
40.60533849999999,-74.0168511,203000
40.695785,-73.947665,925000
40.6042275,-74.0179876,230000
40.633746,-74.022162,1050000
40.6382199,-73.979227,4500000
40.609024,-74.012379,1130000
40.7719306,-73.9637056,1330000
40.6088565,-74.01441439999999,380000
40.608351,-74.007344,745000
40.68712499999999,-73.938119,434845
40.6915949,-73.9590877,772600
40.631445,-74.015563,960000
40.7582774,-74.0001262,656500
40.74643,-73.8894439,1165000
40.685736,-73.92383,615000
40.6180779,-74.027452,238000
40.68854229999999,-73.9381097,150000
40.618555,-73.981033,999000
40.682614,-73.927475,1350000
40.60534000000001,-74.009986,768000
40.686842,-73.95058,700000
40.60095099999999,-74.006016,699000
40.681697,-73.933013,1026841
40.6852273,-73.9785704,780000
40.694502,-73.932733,1050000
40.6054949,-74.00923689999999,1360000
40.68748799999999,-73.93489600000001,645000
40.6879459,-73.927345,1450000
40.688687,-73.924469,778961
40.681394,-73.94467999999999,1940000
40.6190788,-73.977304,864500
40.599599,-73.998295,607691
40.6904929,-73.94384099999999,215000
40.613302,-74.00997199999999,925000
40.63627200000001,-74.036469,380000
40.687479,-73.92461399999999,999000
40.6831587,-73.92291,600000
40.6802769,-73.95715,465000
40.692841,-73.94054799999999,956000
40.620422,-74.03830700000002,190000
40.6129061,-74.0332116,10
40.682091,-73.94261999999999,180000
40.618939,-74.03915599999999,387850
40.69601309999999,-73.9612499,679260
40.637587,-73.981872,693000
40.6905532,-73.9470518,880000
40.7682678,-73.8746012,480000
40.7704116,-73.94803379999999,242000
40.610663,-73.987302,1330000
40.7113708,-73.9951361,1200500
40.687658,-73.94248,910000
40.7649404,-73.95323379999999,10
40.685978,-73.924352,596000
40.6078059,-74.000928,950000
40.607335,-74.011011,950000
40.6809749,-73.926176,695000
40.68889799999999,-73.92507599999999,850000
40.6324759,-73.980819,1243250
40.622817,-73.91161699999999,687500
40.6306164,-73.98176649999999,414667
40.634788,-73.983109,595000
40.7584064,-73.9590858,10
40.689546,-73.952011,1275000
40.6167923,-74.025131,420000
40.698163,-73.94897499999999,540000
40.6051637,-74.0163018,650000
40.6842499,-73.9427996,1125500
40.689245,-73.932689,950000
40.6951075,-73.95718690000001,10
40.694962,-73.9571957,450000
40.7668396,-73.97113709999999,1212857
40.678658,-73.9362,820000
40.6249234,-73.9095057,350000
40.6226078,-73.9772923,225000
40.692575,-73.932166,1375000
40.635669,-74.03683099999999,10
40.69154899999999,-73.957139,1085000
40.63901,-74.03003799999999,1150000
40.682078,-73.949293,1745000
40.62047099999999,-73.99574199999999,675000
40.8317384,-73.9355185,1753935
40.68981,-73.94085799999999,30000
40.628229,-73.998047,810000
40.632266,-73.994038,638987
40.7096117,-73.8614758,250000
40.6309759,-74.001547,1430000
40.7668071,-73.9515636,555750
40.690432,-73.95408700000002,13000000
40.8002593,-73.9510832,1900000
40.602427,-74.0090957,220000
40.6087797,-73.9987295,205000
40.6906711,-73.9315347,1200000
40.680662,-73.941964,25000
40.6930536,-73.9339308,325000
40.689716,-73.92853699999999,1400000
40.67908,-73.94345799999999,625000
40.617904,-73.984053,1300000
40.7699087,-73.9945509,975000
40.69453499999999,-73.9583339,554805
40.6371139,-74.02951399999999,930000
40.6006255,-74.0082015,235000
40.6276188,-73.9906621,10
40.690368,-73.956541,250000
40.618219,-74.033485,1060000
40.7677787,-73.9932242,630000
40.684545,-73.934371,1200500
40.684856,-73.934146,88000
40.631334,-73.99273,1500010
40.6143052,-73.9812972,445000
40.7964226,-73.97384199999999,1040000
40.6901286,-73.9425741,725000
40.7708052,-73.96519909999999,875000
40.608807,-73.9919819,725000
40.680357,-73.94480639999999,3730000
40.679922,-73.950816,1200000
40.686376,-73.927464,1195000
40.614406,-73.902264,425000
40.686235,-73.983828,3250000
40.620823,-73.9987979,750000
40.60113500000001,-73.997863,1350000
40.683361,-73.934096,800000
40.6851259,-73.925293,5000
40.690764,-73.945558,1132500
40.7400294,-74.0093143,10
40.690393,-73.938143,1150000
40.612411,-73.97613799999999,190000
40.679739,-73.94247,3630000
40.69241900000001,-73.936661,1450000
40.6124059,-74.035686,180000
40.687849,-73.940781,1250000
40.617707,-74.023909,760000
40.6952528,-73.9407702,930000
40.630185,-73.996763,162500
40.622032,-73.98842599999999,1070000
40.621343,-73.90949499999999,720000
40.68879099999999,-73.958579,1550000
40.6239739,-73.978848,1215000
40.693874,-73.9381672,760000
40.7749414,-73.9447667,1500000
40.6987883,-73.9568237,32835
40.601184,-74.009653,625000
40.691288,-73.9582851,765000
40.634605,-73.996509,300000
40.7607641,-73.9712132,2600000
40.6872929,-73.93662599999999,1100000
40.6234845,-73.9075924,430000
40.69118599999999,-73.95614599999999,500000
40.686028,-73.928027,780000
40.69383699999999,-73.95948899999999,1946002
40.6247181,-73.90711879999999,445000
40.689666,-73.928994,899000
40.6797606,-73.9402267,2400000
40.684363,-73.92532,850000
40.6343461,-74.0307699,180000
40.7552346,-73.9733311,805000
40.607586,-74.01549,559000
40.6936057,-73.94636799999999,331000
40.688422,-73.952821,1250000
40.625314,-73.99821,787500
40.623069,-73.99333500000002,820000
40.78651860000001,-73.9524954,860000
40.613323,-74.00846299999999,600000
40.61391,-74.031691,690000
40.677377,-73.92345999999999,567000
40.6893249,-73.941012,10
40.6843549,-73.986256,1230000
40.7302287,-73.9821274,955000
40.6322433,-74.02011569999999,10700000
40.6919417,-73.9398193,99500
40.6273923,-74.0025045,570000
40.686164,-73.952966,1349000
40.629873,-74.023819,775000
40.6143034,-74.0017613,1050000
40.6858379,-73.95167599999999,600000
40.600974,-73.995684,1300000
40.604433,-74.006,443800
40.684038,-73.947693,1925000
40.69465599999999,-73.957607,1200000
40.678375,-73.94106699999999,1260000
40.689022,-73.94120099999999,915000
40.62233,-73.90701299999999,533000
40.6090329,-74.01281999999999,1180000
40.633798,-73.978111,400000
40.8085205,-73.94448129999999,387500
40.684356,-73.9253839,940000
40.603468,-74.008555,645000
40.6209231,-73.9804887,3600000
40.7323123,-73.98753620000001,52200000
40.6256778,-73.97946089999999,192500
40.8012298,-73.95017589999999,2165000
40.78010700000001,-73.94851,940000
40.741154,-73.98325899999999,999999
40.684075,-73.925392,30000
40.6124042,-74.0060877,780000
40.69224,-73.948865,810000
40.690212,-73.95281899999999,30000
40.617804,-73.998155,635000
40.692063,-73.954407,725000
40.695892,-73.946758,930000
40.615459,-74.0374439,414500
40.6942976,-73.9387498,560000
40.681215,-73.926614,150000
40.629348,-73.977547,1200000
40.620181,-73.989437,750000
40.7120288,-73.9972258,161150
40.6924892,-73.93643399999999,680000
40.695042,-73.94750599999999,100000
40.623221,-73.998154,3525000
40.694325,-73.949332,609350
40.6353674,-74.0259567,910000
40.6019192,-74.0035625,375000
40.681236,-73.939535,1480000
40.688667,-73.953118,1200000
40.611176,-73.9887651,755000
40.74381169999999,-73.9816213,10000
40.7123546,-73.9848136,1317999
40.61445399999999,-74.03290799999999,217000
40.69217099999999,-73.935716,850000
40.616364,-73.998267,540000
40.6837639,-73.928079,1150000
40.60762,-74.014314,575000
40.684007,-73.9389999,1643794
40.7660851,-73.9519432,900000
40.6868539,-73.93645599999999,900000
40.689958,-73.9442955,820000
40.694505,-73.945662,1195000
40.681811,-73.941322,1210000
40.627453,-73.989728,975000
40.616988,-73.986133,289131
40.6886008,-73.9418337,1860000
40.6936579,-73.9571308,3451550
40.68336499999999,-73.92511499999999,897000
40.679324,-73.94000799999999,250000
40.605334,-73.9898259,166000
40.6928114,-73.9387392,1275000
40.68465,-73.954409,875000
40.606846,-74.00267699999999,692718
40.61447980000001,-74.000118,920000
40.7721579,-73.99361979999999,1269966
40.689309,-73.94115699999999,1600000
40.6833012,-73.9547264,1100000
40.686888,-73.95653,801000
40.7711207,-73.9937875,758333
40.68382,-73.947186,2100000
40.711943,-73.995397,425000
40.607593,-74.005025,1310000
40.627479,-74.018799,969000
40.6852577,-73.9788648,727502
40.636179,-74.0254999,5717000
40.611659,-73.989554,770000
40.5989086,-74.0058471,780000
40.7134641,-73.9813472,1750000
40.688543,-73.990484,655000
40.603668,-73.987078,1450000
40.605568,-74.00121399999999,745000
40.8056569,-73.947543,999500
40.621297,-73.98963599999999,1360000
40.7725466,-73.95722669999999,1850000
40.693922,-73.9566849,560000
40.61047,-74.011319,1125000
40.615938,-73.90092299999999,569000
40.6867337,-73.9834645,1200000
40.7873207,-73.95026779999999,800000
40.637312,-74.028741,371250
40.684035,-73.934904,717500
40.601642,-74.00404999999999,198000
40.6326157,-73.99393549999999,220000
40.7699933,-73.9652066,875000
40.602255,-74.001063,1400000
40.621756,-74.0002389,800000
40.6078871,-73.9992271,750000
40.691463,-73.933993,641000
40.632342,-74.03224209999999,149000
40.612567,-73.9772179,910000
40.602364,-73.99543899999999,500000
40.603765,-73.999946,1329000
40.607871,-73.997992,160000
40.766661,-73.96376699999999,1
40.69480799999999,-73.949392,752000
40.68421499999999,-73.93962599999999,900000
40.623435,-73.995357,760000
40.7774452,-73.9527852,800000
40.626744,-73.984905,999500
40.689513,-73.933683,280000
40.62476729999999,-73.9076022,625000
40.61762299999999,-74.038637,390000
40.69558300000001,-73.95509299999999,3800000
40.684415,-73.986216,1500000
40.60056,-74.00686999999999,675000
40.68367,-73.956435,760000
40.806419,-73.946009,1304978
40.630971,-74.02679499999999,880000
40.621314,-73.986644,749000
40.60694100000001,-73.9934,1100001
40.7137062,-73.9795322,493050
40.6173299,-74.0268291,164400
40.87273039999999,-73.9115712,1350000
40.692178,-73.935653,215000
40.679559,-73.952444,1320000
40.681035,-73.945301,1440000
40.617581,-73.99479099999999,776000
40.617303,-73.90178999999999,710000
40.681989,-73.924121,749500
40.680281,-73.941743,750000
40.623647,-73.91466,600000
40.6034549,-74.009317,860000
40.7711321,-73.951962,130000
40.624591,-73.91095790000001,585000
40.681857,-73.938276,1405000
40.613845,-74.009315,1038000
40.6257387,-73.99389529999999,1800000
40.6801061,-73.9552617,2156920
40.7771619,-73.9782451,510
40.623963,-73.97624499999999,576500
40.629891,-74.016164,735000
40.688809,-73.9886652,1075000
40.616651,-73.980986,990000
40.618022,-74.004229,475000
40.613929,-74.001977,1150000
40.634302,-73.98611,1250000
40.683832,-73.93419899999999,305475
40.6187619,-73.91095899999999,538000
40.6196061,-74.03878019999999,150000
40.62883799999999,-73.987466,3300000
40.6561775,-74.0023437,321000
40.7785586,-73.9815389,541000
40.690405,-73.935577,305000
40.691484,-73.956206,900000
40.687562,-73.9917681,100000
40.6170488,-74.0034834,1050000
40.684212,-73.939686,990000
40.7630793,-73.9995621,862500
40.688535,-73.95839099999999,2100000
40.687652,-73.9588278,950000
40.60465749999999,-73.9988856,1476000
40.61166,-73.99199,1130000
40.68737,-73.944976,500000
40.7706955,-73.99441929999999,1445000
40.686418,-73.944029,1020000
40.60252200000001,-73.990623,1150000
40.616608,-74.03525499999999,291166
40.60559900000001,-74.01362,1180000
40.689481,-73.93306199999999,473700
40.613253,-74.02576499999999,900000
40.6892,-73.933622,819691
40.7776485,-73.95924459999999,1125000
40.63259559999999,-73.9893602,530000
40.683252,-73.9545,1050621
40.68535,-73.946967,1300000
40.612339,-74.0344719,210000
40.696003,-73.957105,25000
40.617562,-74.02753899999999,376000
40.619176,-74.025981,1250000
40.7625969,-73.96326499999999,350000
40.693515,-73.95715799999999,525000
40.6378879,-73.983738,990000
40.683081,-73.942981,945000
40.687,-73.9325999,1225000
40.6890787,-73.9569712,467604
40.778045,-73.981055,413870
40.62660899999999,-74.0300819,970000
40.8007354,-73.95072429999999,736000
40.620921,-73.906567,482500
40.682402,-73.9229189,1050000
40.6886053,-73.944705,2672679
40.6929048,-73.9339066,52170
40.605614,-73.999387,1000000
40.627526,-73.99077199999999,749000
40.6345079,-73.982648,250000
40.682105,-73.923064,425000
40.69417199999999,-73.956366,375000
40.629109,-73.990207,1700000
40.6943464,-73.9596607,900000
40.694555,-73.93872499999999,253500
40.6107289,-74.0099034,950000
40.686676,-73.944835,900000
40.678222,-73.928018,760000
40.687983,-73.991227,2450000
40.633512,-74.0266587,386500
40.6862489,-73.92703399999999,2500000
40.7685865,-73.9497813,835000
40.61816,-74.038774,186850
40.7469413,-73.8847574,490000
40.800675,-73.951129,700000
40.6832438,-73.9410132,240000
40.8057433,-73.9468614,1438000
40.80524399999999,-73.946817,4231880
40.69337400000001,-73.951859,200000
40.619288,-74.021208,1225000
40.68154699999999,-73.930454,185000
40.686915,-73.939798,1390500
40.619458,-73.9041699,625000
40.6833406,-73.9863216,851500
40.693101,-73.951295,1100000
40.68188,-73.927493,950000
40.609171,-73.98848799999999,1280000
40.6812759,-73.93283799999999,1600000
40.681206,-73.946651,850000
40.695242,-73.934793,538000
40.68629,-73.932222,1550000
40.7768528,-73.9891591,903333
40.622213,-73.9134739,560000
40.6816729,-73.9573693,990000
40.639631,-74.028319,705000
40.677599,-73.92679,200000
40.612102,-74.004053,768000
40.6040157,-74.0182087,302500
40.60777,-73.99383399999999,975000
40.677391,-73.92680899999999,650000
40.6878816,-73.99170219999999,444000
40.77292569999999,-73.99367219999999,627750
40.609041,-74.006625,840000
40.7453518,-73.980471,1060000
40.7674814,-73.99642639999999,1152666
40.6006193,-74.0082281,220000
40.61898,-73.97811899999999,999000
40.62006299999999,-74.0383049,242500
40.678452,-73.9243989,828000
40.6153,-74.00726499999999,800000
40.7612965,-74.00198170000002,375468
40.681557,-73.94726399999999,1500000
40.6450451,-73.9946199,600000
40.689118,-73.929844,725000
40.60425,-74.014146,900000
40.684868,-73.940534,900000
40.6817799,-73.9238936,100000
40.682016,-73.981931,615000
40.7635647,-73.9668834,600000
40.631676,-74.018531,1100000
40.616312,-73.9981789,82350
40.638979,-74.002674,1360000
40.6038112,-74.016308,200000
40.7695478,-73.9501234,525000
40.6957014,-73.9348029,1400000
40.69418,-73.94291100000001,1025000
40.600386,-73.9876869,2000000
40.78370400000001,-73.9531499,610666
40.643369,-74.000919,15800000
40.691991,-73.943834,950000
40.620451,-73.9085209,475000
40.778403,-73.9489749,200000
40.69254,-73.949719,670000
40.695715,-73.944148,16500000
40.692163,-73.935777,915000
40.7692558,-73.99482689999999,550000
40.679188,-73.93761099999999,750000
40.600222,-73.99604699999999,499990
40.692268,-73.956362,554946
40.6310081,-73.9902834,400000
40.682223,-73.924536,262500
40.614117,-74.025249,1200000
40.7463585,-73.8894294,10
40.614389,-74.030129,183000
40.61703500000001,-74.022663,999000
40.7613461,-73.9641898,400000
40.617934,-74.027046,888000
40.6296355,-73.9973703,295000
40.7636644,-73.9561145,950000
40.695911,-73.948995,70000000
40.680896,-73.948925,1160000
40.6049116,-74.01712599999999,335000
40.680698,-73.93545,656250
40.7809689,-73.956937,900000
40.6216373,-73.99905509999999,813600
40.7938217,-73.9718481,752000
40.682342,-73.92735499999999,1462500
40.684913,-73.927117,1150000
40.8016482,-73.9502914,725000
40.604085,-74.00550299999999,4600000
40.692502,-73.932813,900000
40.68627,-73.92836299999999,1185500
40.685665,-73.953182,650000
40.683103,-73.94279399999999,1566000
40.607653,-74.01202049999999,849000
40.6901409,-73.933948,1300000
40.683245,-73.931855,2500000
40.614083,-73.983927,400000
40.60026800000001,-74.00360599999999,560000
40.681509,-73.947687,690000
40.61318000000001,-73.99982899999999,960000
40.617869,-73.9901749,755000
40.684039,-73.938727,264858
40.68323700000001,-73.9541349,412698
40.6842929,-73.938953,950000
40.6134981,-74.0000156,820000
40.686085,-73.932975,1200000
40.615305,-73.90190299999999,720000
40.691223,-73.935086,350000
40.604937,-74.009614,820000
40.688876,-73.95786,444875
40.6869947,-73.9449308,525000
40.68741,-73.95782799999999,2720000
40.629066,-74.02908099999999,1430000
40.78376799999999,-73.94671,208000
40.621521,-73.91565400000002,570000
40.69564870000001,-73.9574298,325000
40.688711,-73.95272299999999,850000
40.59975499999999,-74.0036669,680000
40.6903744,-73.9546171,556000
40.682144,-73.92907,1550000
40.62187,-73.989638,1350000
40.685434,-73.988394,2350000
40.6839664,-73.9431176,900000
40.686356,-73.927632,950000
40.7124769,-73.9916611,315000
40.7763187,-73.95019309999999,927000
40.693911,-73.9337089,830000
40.6971306,-73.957732,525000
40.6935682,-73.9578166,560037
40.60051199999999,-73.998068,299317
40.7127837,-74.0059413,372638
40.68630599999999,-73.945021,1050000
40.618915,-74.036152,1700000
40.622101,-74.02823699999999,108000
40.68125999999999,-73.939328,1530000
40.61200059999999,-74.0351882,129000
40.628977,-74.029724,240000
40.686713,-73.924579,940000
40.7607446,-74.0020402,735000
40.68816,-73.929142,797112
40.620277,-73.90339500000002,1494000
27.9623424,-82.8020368,1175000
40.632233,-74.03003,204333
40.6972621,-73.9570205,250000
40.688965,-73.93103900000001,715000
40.772134,-73.993639,984000
40.7400249,-74.0093169,4000000
40.635585,-74.028718,1070000
40.7534139,-73.9743584,950000
40.608059,-74.009055,960000
40.617568,-73.988135,1265000
40.61428,-74.00160799999999,1160000
40.603024,-74.01229099999999,650000
40.68636,-73.927556,580000
40.68465399999999,-73.92671399999999,7000
40.692925,-73.958297,1120000
40.679271,-73.94908699999999,3750000
40.677969,-73.927162,405000
40.68187,-73.95388899999999,1092000
40.604771,-74.000794,1310000
40.692047,-73.94999899999999,150000
40.694754,-73.95781,495000
40.629712,-74.031087,1579000
40.6310659,-74.024607,385000
40.6181389,-74.02158899999999,530000
40.605641,-73.9978919,1180000
40.616676,-73.98725999999999,600000
40.61983,-73.98274599999999,1800000
40.6915229,-73.95676499999999,396144
40.6943679,-73.961036,725000
40.6127292,-74.0337598,605000
40.6020441,-73.995176,216250
40.632638,-74.02234,251875
40.69071,-73.93537300000001,1200000
40.6957809,-73.934231,1250000
40.617177,-73.986447,202929
40.6961429,-73.9562816,450000
40.6290819,-74.021362,935000
40.623267,-74.022544,917341
40.698466,-73.946372,120000
40.633331,-74.034663,1145000
40.6079768,-74.0079387,685000
40.6926054,-73.9451283,658000
40.64419900000001,-73.994016,750000
40.6322509,-73.981026,800000
40.7618747,-74.0008649,447500
40.685426,-73.955069,1250000
40.7123557,-73.9936905,1287500
40.6141239,-74.0334309,798230
40.691591,-73.954854,828000
40.635331,-74.0356429,750000
40.617373,-74.02629499999999,2700000
40.6369276,-73.99709,800000
40.644031,-73.9984829,430000
40.7660699,-73.95182989999999,292500
40.633926,-73.986822,1500000
40.607932,-74.015132,650000
40.6825509,-73.932281,765000
40.6015706,-74.0104977,110000
40.677574,-73.923425,340000
40.7730216,-73.9501768,1080000
40.7644028,-73.94102819999999,800000
40.69484720000001,-73.9553937,741333
40.6229118,-73.9998464,550000
40.68577,-73.93034,1750000
40.605742,-74.008804,450000
40.684258,-73.9900205,1240000
40.6883962,-73.9597723,125000
40.689678,-73.94432499999999,275000
40.7619531,-73.97063829999999,700000
40.629983,-74.014787,1500000
40.686234,-73.958862,931500
40.7669317,-73.9517826,900000
40.6403995,-73.9867324,2600000
40.76717,-73.96379,790000
40.679285,-73.947349,10
40.76808390000001,-73.9959606,487333
40.68875,-73.950076,999000
40.692879,-73.936089,245000
40.685646,-73.927205,680000
40.679397,-73.927409,300000
40.755491,-73.972647,1
40.680769,-73.930561,2205000
40.7464228,-73.8894425,970000
40.604663,-73.998941,1790000
40.7400263,-74.00931609999999,313232
40.619566,-73.90383299999999,900000
40.6933756,-73.9597704,999900
40.6938559,-73.93825199999999,849000
40.688105,-73.951649,450000
40.688763,-73.936853,655000
40.7672778,-73.9506962,899000
40.6786465,-73.94409379999999,1050000
40.6271646,-74.0030433,399000
40.692119,-73.948301,1250000
40.691968,-73.9510789,689500
40.639922,-73.985637,1200000
40.601428,-74.00552499999999,775000
40.630715,-74.036582,1680000
40.686562,-73.955981,300000
40.6985004,-73.95660649999999,499000
40.769657,-73.96307,200000
40.601871,-74.002917,1200000
40.685833,-73.923549,525000
40.687183,-73.92723699999999,1000000
40.691972,-73.950665,999999
40.7621975,-73.9682211,100
40.6032301,-74.0155711,245000
40.685759,-73.959113,2275000
40.6812844,-73.95761949999999,3500000
40.6773275,-73.923104,7300000
40.6869721,-73.9452132,515000
40.62858,-73.981914,1700000
42.3564289,-71.0537506,225000
40.6846279,-73.93512799999999,1520000
40.683015,-73.928208,1550000
40.7633874,-73.9673238,165000
40.627722,-74.01402999999999,980000
40.689014,-73.934682,880000
40.6941365,-73.9459029,1650000
40.6876786,-73.95858129999999,1080000
40.6918771,-73.9471124,3301239
40.619847,-73.901586,620000
40.624156,-73.97820399999999,1200000
40.683439,-73.946398,1500000
40.6318573,-74.0294408,702500
40.620969,-74.024225,266500
40.769935,-73.9945384,458328
40.68297500000001,-73.928552,1100000
40.7688638,-73.95051389999999,562500
40.630268,-73.9966759,860000
40.6005261,-73.99981770000001,148000
40.685135,-73.95743399999999,2970000
40.7463833,-73.8894344,790000
40.679312,-73.93979300000001,900000
40.626598,-73.98827899999999,900000
40.604968,-74.00353799999999,702000
40.600885,-73.988518,711757
40.627118,-73.98764299999999,999500
40.600033,-74.00696099999999,750000
40.7765825,-73.95080349999999,870000
40.6217655,-73.9865145,700000
40.7715448,-73.9942019,295006
40.691953,-73.928859,550000
40.685629,-73.927351,1430000
40.689307,-73.933643,72000
40.6949578,-73.9442131,10
40.782402,-73.953206,1050000
40.6344272,-74.033271,799000
40.684876,-73.940468,1275000
40.6299228,-74.0229888,830000
40.68108,-73.94739299999999,1357000
40.7124609,-73.98386719999999,1102117
40.68691800000001,-73.952917,1430000
40.692236,-73.948323,925000
40.6386171,-73.99532479999999,60000
40.683346,-73.957835,1150000
40.637829,-74.0337,74000
40.683953,-73.935598,1200000
40.68954,-73.9261159,743194
40.685438,-73.939723,999000
40.685979,-73.93103700000002,168750
40.6842966,-73.9424231,1650000
40.611429,-74.011507,855000
40.611901,-73.977654,1350000
40.69436,-73.942854,5248853
40.679128,-73.936374,1200000
40.62985,-73.98763699999999,2116000
40.693363,-73.931821,850000
40.761274,-74.0019599,717911
40.7747339,-73.9483309,13319927
40.68165,-73.95388,1350000
40.685462,-73.979676,2700000
40.696272,-73.946792,300000
40.613723,-73.98781799999999,270000
40.69423,-73.943966,1026473
40.6944115,-73.9499831,1205000
40.620784,-73.9872819,948000
40.690842,-73.93185,935000
40.637192,-74.026062,1244700
40.626207,-74.00078700000002,940000
40.682314,-73.930081,290000
40.688387,-73.933679,495000
40.6923734,-73.9413,1450000
40.629478,-74.02522499999999,227000
40.7801486,-73.9852528,880000
40.631952,-73.9790249,220000
40.765514,-73.952721,790880
40.687328,-73.945375,875000
40.6869625,-73.9452853,500000
40.7683681,-73.9532236,958000
40.695875,-73.956716,250000
40.7655752,-73.9978082,3200000
40.694258,-73.94931900000002,850000
40.606627,-74.010173,287660
40.682408,-73.93989599999999,1635000
40.61837800000001,-73.995541,888000
40.6918681,-73.9470685,3000000
40.695657,-73.9421909,960000
40.6851646,-73.9292695,995000
40.605199,-74.012753,720000
40.685677,-73.947031,1800000
40.7665254,-73.950998,220000
40.619077,-73.98349999999999,960000
40.6188379,-73.984081,890000
40.6254461,-73.9090624,415000
40.629481,-73.98353399999999,500000
40.607573,-74.00549,870000
40.6819364,-73.9420573,4775000
40.685744,-73.956245,1
40.685291,-73.929244,975000
40.63933,-74.03523299999999,340000
40.6847964,-73.9357557,910000
40.614624,-74.00372399999999,998000
40.76364400000001,-73.99896660000002,837000
40.68096999999999,-73.94175,1675000
40.7715755,-73.9468377,160000
40.680204,-73.933145,1495000
40.62045,-74.026157,940000
40.625958,-74.03229999999999,295000
40.6818848,-73.9547437,3833845
40.604551,-74.012062,510000
40.691244,-73.94378999999999,265000
40.615068,-73.902546,697000
40.690382,-73.93182300000001,935649
40.6875465,-73.9323759,280000
40.6229798,-73.9112583,710000
40.69391,-73.957786,496860
40.683468,-73.930616,1175000
40.68303,-73.928082,1545000
40.68151,-73.928274,1800000
40.681557,-73.9409359,1700000
40.6986137,-73.94427979999999,220000
40.682599,-73.92760299999999,1410000
40.677193,-73.923478,100
40.63431,-74.02434199999999,185000
40.681055,-73.941037,1735000
40.623721,-73.982992,995000
40.681795,-73.92826699999999,623905
40.688952,-73.9245959,518437
40.679131,-73.936446,310000
40.6243192,-74.0398737,332499
40.6308446,-74.0277538,1225000
40.6039199,-74.0165465,360000
40.7710543,-73.9474875,800000
40.7618976,-74.0008433,1035000
40.6832841,-73.9548764,162000
40.682327,-73.936599,1055000
40.6876655,-73.9909636,1538000
40.627697,-74.03787899999999,10
40.71332170000001,-73.9826015,1145000
40.780152,-73.9472682,440000
40.6167358,-74.13778180000001,350000
40.7116827,-73.9925423,460000
40.690547,-73.934361,1081000
40.684301,-73.93889,1350000
40.6323877,-74.02414499999999,242500
40.688388,-73.986863,875000
40.692699,-73.944332,450000
40.638353,-73.98904600000002,1050000
40.684704,-73.95442,875000
40.6905599,-73.9471141,1250000
40.622587,-73.99857,800000
40.631562,-73.977679,999999
40.634847,-74.036407,232000
40.712,-73.995238,1350000
40.6882569,-73.95879409999999,827500
40.617271,-73.98660199999999,177575
40.6839469,-73.9795348,2250000
40.768638,-73.9539368,1300000
40.6032539,-74.01587719999999,330000
40.6895823,-73.9363849,399000
40.63601999999999,-73.986687,950000
40.616651,-73.98500299999999,900000
40.76361929999999,-73.9989837,712500
40.6898539,-73.95588699999999,1300000
40.6171029,-74.0381488,330000
40.7667262,-73.9633597,1140000
40.679333,-73.940152,250000
40.694393,-73.959581,833000
40.631336,-74.01561699999999,990000
40.616754,-73.9796549,800000
40.636322,-74.0335769,709000
40.686985,-73.986485,4545000
40.6338645,-73.9789784,360000
40.682559,-73.945122,446666
40.63556699999999,-74.031634,960000
40.689511,-73.952314,25000
40.683979,-73.932906,1320000
40.5993544,-74.0065695,670000
40.68277,-73.945652,1200000
40.693725,-73.94625599999999,700000
40.688948,-73.955319,1350000
40.684866,-73.926768,910000
40.619062,-74.004841,1200000
40.60596899999999,-73.987633,546809
40.613908,-74.034813,701574
40.61431899999999,-74.031702,201333
40.626719,-74.002202,1250000
40.625251,-73.99976199999999,1250000
40.68269799999999,-73.93348399999999,159000
40.7466418,-73.9795668,875000
40.600524,-73.986456,750000
40.6233357,-73.90726269999999,446000
40.603083,-74.00514799999999,1127000
40.6972301,-73.95761019999999,272500
40.603812,-74.00227199999999,1400000
40.746624,-73.979204,520000
40.684249,-73.949964,1500000
40.6824579,-73.939458,325000
40.699748,-73.945748,800000
40.629065,-74.012086,615000
40.686546,-73.923701,362689
40.610746,-74.001851,1170000
40.677963,-73.92548699999999,327000
40.625055,-73.999309,252000
40.7625714,-74.00027589999999,1140000
40.7591847,-73.95885679999999,427545
40.677329,-73.9234649,127500
40.688301,-73.927587,1310000
40.699366,-73.944929,980000
40.7469126,-73.8847522,580000
40.60241,-73.988038,990000
40.68310400000001,-73.9558069,450000
40.679782,-73.948291,1100000
40.746368,-73.8894313,920000
40.69125200000001,-73.94372299999999,450000
40.6849009,-73.9814269,1025000
40.679296,-73.939505,600000
40.742215,-73.982416,1400000
40.689036,-73.935974,807000
40.693743,-73.9482249,35371
40.690723,-73.958845,4650000
40.681173,-73.927168,5850000
40.6304226,-73.990577,557461
40.682113,-73.922996,650000
40.687838,-73.94510799999999,890000
40.602205,-74.005185,836000
40.6918409,-73.92978099999999,1150000
40.69354,-73.9498629,720000
40.615445,-73.983596,1060000
40.6381641,-73.9814573,375000
40.6074399,-74.0081079,820000
40.603889,-73.9981449,2600000
40.601691,-73.98925899999999,850000
40.677982,-73.92581,835000
40.686488,-73.952592,450000
40.628196,-73.984844,2480000
40.6071838,-74.0116489,612000
40.692909,-73.94636799999999,364000
40.639617,-73.986857,3625000
40.6883881,-73.9909841,4980000
40.622431,-73.91531400000001,582500
40.7572872,-73.9712797,975000
40.691699,-73.9429959,900000
40.6838723,-73.95682219999999,1100000
40.637079,-73.98091000000001,475000
40.681222,-73.952541,1485000
40.711979,-73.995508,1212500
40.63182,-73.98033199999999,10
40.601146,-73.999094,1120000
40.690109,-73.93321399999999,970000
40.637065,-74.031098,998000
40.6227089,-73.9774886,565000
40.685211,-73.935773,860000
40.61663619999999,-74.02418460000001,325000
40.635649,-74.02788799999999,785000
40.688027,-73.958688,839000
40.68879,-73.952023,1200000
40.601736,-73.996071,5040000
40.684661,-73.92665199999999,1150000
40.624635,-73.910904,625000
40.7682688,-73.8745923,679800
40.692647,-73.9315419,1500000
40.687645,-73.955496,2000000
40.682951,-73.941745,1650000
40.694776,-73.9498459,540000
40.7799072,-73.9506083,735000
40.692907,-73.942497,3500000
40.635561,-73.98592599999999,390000
40.8065066,-73.9463014,1850000
40.599571,-74.003871,10
40.7695949,-73.952242,935000
40.685939,-73.98927499999999,595000
40.682192,-73.924819,830000
40.61469,-74.033399,192000
40.684655,-73.93590499999999,1410000
40.6082759,-73.9940249,850000
40.683421,-73.927179,1660000
40.601434,-73.99834,770000
40.680294,-73.931855,1850000
40.687547,-73.934395,650000
40.639446,-73.98712499999999,990000
40.82089879999999,-73.9582856,701143
40.692449,-73.93078899999999,770000
40.6362966,-73.9851918,867500
40.603449,-74.007024,825000
40.686139,-73.953182,990000
40.682145,-73.925468,995000
40.7630555,-73.99958149999999,678505
40.678194,-73.92683099999999,171000
40.604662,-74.011962,520000
40.699375,-73.94485399999999,760000
40.7729041,-73.9936137,10
40.6874724,-73.99227530000002,1337500
40.685128,-73.942303,250000
40.620456,-73.97963299999999,547518
40.63411929999999,-73.9786707,10
40.687144,-73.944431,6350000
40.618087,-74.036902,270000
40.617429,-74.000007,915000
40.682012,-73.923907,390287
40.604674,-73.9962819,1198000
40.607936,-73.993533,780000
40.682741,-73.9267722,1560000
40.690939,-73.944037,5410000
40.686672,-73.98801499999999,8800000
40.6944304,-73.95709149999999,585493
40.6940415,-73.9458427,965000
40.636863,-73.994123,499000
40.681147,-73.93397999999999,1895000
40.6013499,-74.008434,815000
40.7950282,-73.9702471,810000
40.678353,-73.922214,425000
40.61067,-74.00192799999999,1120000
40.687867,-73.985877,14767299
40.7876649,-73.969567,930000
40.68116699999999,-73.927258,1950000
40.6788284,-73.949446,1950000
40.68717600000001,-73.9376599,450000
40.780986,-73.982578,880000
40.694684,-73.96094699999999,400000
40.6367059,-74.031978,940000
40.680898,-73.947997,600000
40.683439,-73.93086699999999,1825000
40.628605,-73.981059,1265000
40.6902312,-73.9515019,1100000
40.679457,-73.942425,175500
40.772125,-73.96157,485000
40.62015,-73.98364699999999,1080000
40.6378119,-73.980563,1200000
40.67937999999999,-73.941007,707500
40.7706862,-73.9639918,758000
40.601392,-74.000734,1550000
40.610138,-74.0092559,840000
40.690009,-73.9519059,580000
40.6912794,-73.95814969999999,220000
40.6861748,-73.94316789999999,723000
40.6194739,-73.999452,980000
40.683811,-73.93437800000001,995000
40.604218,-73.996438,675000
40.691543,-73.954844,800000
40.678511,-73.9249619,900000
40.683805,-73.93691299999999,1085000
40.69215,-73.928189,985000
40.678928,-73.927201,910000
40.601283,-73.997745,560000
40.6002579,-73.986914,930000
40.74300909999999,-74.0051088,990000
40.604261,-73.998242,980000
40.629226,-73.993584,1425000
40.629067,-73.989193,325000
40.635649,-74.029324,241625
40.6335302,-74.0215321,900000
40.6290965,-73.987777,600000
40.63841499999999,-73.997045,925000
40.68785099999999,-73.98870099999999,2906000
40.687374,-73.95813690000001,1200000
40.69218,-73.93956299999999,925000
40.695771,-73.957971,1200000
40.6202409,-73.97970149999999,574333
40.60419,-74.001878,850000
40.6208287,-73.9988796,1200000
40.600858,-74.003001,10
40.605573,-73.996276,235000
40.791039,-73.97833,965000
40.68738,-73.93173999999999,850000
40.640198,-73.980294,18000
40.6945276,-73.95127160000001,10000
40.6814135,-73.9536749,550000
40.625921,-73.9932,823000
40.625585,-73.9796131,222500
40.600757,-73.998267,3195000
40.613296,-74.0264909,699000
40.6444449,-73.9991119,520000
40.634872,-73.999813,526500
40.68131,-73.95795799999999,1825000
40.70499119999999,-73.9201159,890000
40.619297,-73.90779490000001,520000
40.6961798,-73.9467093,525000
40.622931,-73.976405,715000
40.7333893,-73.9867451,5650000
40.685916,-73.938927,2025000
40.686952,-73.935577,425000
40.6176249,-73.99428499999999,830000
40.7661613,-73.9521267,930000
40.7785223,-73.98145339999999,278482
40.744103,-73.98172799999999,950000
40.686789,-73.950569,2800000
40.693664,-73.942425,695932
40.626975,-73.999567,380000
40.6151928,-74.0319748,222500
40.6204952,-74.03972619999999,427375
40.678681,-73.949252,3550000
40.689673,-73.928935,1225000
40.61556,-74.023945,4000000
40.695879,-73.942691,634000
40.688252,-73.950379,10
40.6281877,-73.9924065,197000
40.7668282,-73.9969052,689690
40.603536,-74.003744,350000
40.691229,-73.943923,725000
40.63432299999999,-74.029877,1080000
40.68195,-73.95044299999999,805000
40.6924467,-73.9517362,900000
40.67946600000001,-73.950992,1800000
40.7595478,-73.95991579999999,1350000
40.6382429,-74.0344661,570000
40.63389,-73.983735,1925000
40.7301095,-73.99102859999999,439802
40.684864,-73.934078,1700000
40.68251799999999,-73.941377,900000
40.6879131,-73.9909838,1630000
40.7836133,-73.9455598,235000
40.6199897,-73.99804139999999,1170000
40.685828,-73.951765,600000
40.602429,-73.99960899999999,465000
40.678525,-73.92526099999999,260000
40.691378,-73.946806,1120000
40.612699,-73.99995299999999,700000
40.7590308,-73.9704987,765000
40.6895669,-73.951832,1764000
40.638699,-74.028074,296000
40.6008085,-74.0080586,215000
40.6052319,-74.0023592,448941
40.605447,-74.004936,3650000
40.787071,-73.97014999999999,895000
40.6017579,-73.99436299999999,340000
40.688757,-73.952311,1050000
40.6164798,-74.02428979999999,300000
40.683614,-73.955451,450000
40.631842,-73.987348,722500
40.68706,-73.947878,610000
40.69809600000001,-73.9471499,600000
40.627987,-73.97944799999999,1398000
40.6870649,-73.932029,528000
40.6900229,-73.9258849,825000
40.74457719999999,-73.9807739,775000
40.7634641,-73.9669404,400000
40.6888247,-73.9394432,27149
40.6048009,-73.9989975,1470000
40.681267,-73.930421,1450000
40.7665285,-73.9510347,629500
40.7282744,-73.9873119,1731025
40.607782,-74.010085,1298000
40.690101,-73.93828599999999,3131500
40.6277316,-73.9876242,1200000
40.778143,-73.977797,60000
40.684982,-73.98543699999999,2000000
40.684829,-73.944954,666183
40.621098,-73.996231,600000
40.69161,-73.93818499999999,430000
40.787975,-73.972251,923000
40.693376,-73.942527,1200000
40.699114,-73.94445999999999,690000
40.6848312,-73.94300989999999,1550000
40.6230369,-74.040313,350000
40.6978837,-73.9600554,375000
40.605276,-74.00801299999999,1250000
40.621482,-73.912168,411000
40.689053,-73.99163879999999,1112500
40.62981500000001,-74.007333,990000
40.6826583,-73.94065739999999,675000
40.692363,-73.955367,1350000
40.681326,-73.938754,760000
40.6052593,-74.0169007,335000
40.7698143,-73.9586114,1060000
40.68639599999999,-73.957413,1100000
40.6868089,-73.986075,2300000
40.7722965,-73.9881384,885000
40.612043,-74.0079219,360000
40.609709,-74.009691,778000
40.6854051,-73.9874747,4375000
40.6792989,-73.9494409,2925000
40.699986,-73.946331,670000
40.7169834,-74.0143081,1026666
40.62517940000001,-73.90931030000002,450000
40.607923,-74.007847,270000
40.601244,-74.002625,468000
40.6273592,-74.02615039999999,245096
40.694711,-73.949416,1150000
40.7622711,-73.97012769999999,10000
40.686844,-73.953557,305000
40.6328964,-73.9949999,900000
40.7643443,-73.9987105,600000
40.6833219,-73.938507,750000
40.605553,-74.000434,1365000
40.62777880000001,-73.9907176,847500
40.6201,-73.98356199999999,1375000
40.61134,-74.0002824,570000
40.683742,-73.93763799999999,1700000
40.618759,-73.978331,850000
40.678303,-73.941073,1660000
40.60024790000001,-74.00815500000002,790000
40.6025496,-74.0089686,270000
40.6018474,-74.0096841,224000
40.8057573,-73.94741549999999,1750000
40.619017,-73.99511799999999,835000
40.610846,-73.98915699999999,2000000
40.695102,-73.93401999999999,880000
40.689767,-73.950186,701234
40.606326,-74.015176,1375000
40.7819192,-73.9505085,1050000
40.69133,-73.929987,1210000
40.764882,-73.9980217,574508
40.6960416,-73.9556068,555000
40.682752,-73.95237,221000
40.7688493,-73.9504037,516950
40.685186,-73.938794,1550000
40.641878,-73.98105799999999,5850000
40.692018,-73.960447,429966
40.687187,-73.987168,2225000
40.6912019,-73.928696,180000
40.7564637,-73.9243604,200000
40.680974,-73.958148,1995000
40.771678,-73.95383799999999,600000
40.7643199,-73.99872839999999,733500
40.626661,-74.001527,1170000
40.689748,-73.937381,1188000
40.6137482,-74.0305937,314459
40.686171,-73.95473299999999,740000
40.685402,-73.9865389,3150000
40.7732151,-73.9569152,610000
40.6859172,-73.955097,710000
40.687812,-73.92802499999999,505000
40.682128,-73.948576,1600000
40.7481886,-73.9051982,660000
40.626874,-73.99882699999999,980500
40.683036,-73.94336,799000
40.711711,-73.9925233,392031
40.683833,-73.94048300000001,1480000
40.625346,-74.029966,1450000
40.682077,-73.9577769,1540000
40.625864,-74.026708,155000
40.7802221,-73.9577245,1045000
40.7113924,-73.99651709999999,25000
40.62678500000001,-73.986502,1175000
40.71299339999999,-73.98322270000001,900000
40.686751,-73.95440099999999,1
40.598934,-73.99854599999999,328000
40.687652,-73.955428,1050000
40.602139,-73.989077,600000
40.60778699999999,-74.00527,862000
40.695291,-73.941368,622500
40.8092364,-73.9440331,850000
40.626845,-73.992999,700000
40.680631,-73.943134,2025000
40.602223,-73.99628,1100000
40.60380230000001,-74.0160393,225000
40.7819554,-73.9456885,680000
40.7638213,-73.95648179999999,380000
40.69,-73.94497,790000
40.6163315,-74.07413439999999,940000
40.689901,-73.940034,1430000
40.6342159,-74.03029,332500
40.630755,-73.98158099999999,550000
40.682422,-73.935743,1210000
40.614949,-74.03713800000001,429750
40.6109119,-73.9848828,245000
40.786674,-73.974132,2150000
40.6829279,-73.9484049,1805000
40.6895529,-73.951949,392000
40.7695493,-73.9501269,108345
40.6982401,-73.90581569999999,112500
40.6812354,-73.9573053,3825000
40.6907896,-73.943281,600000
40.6052273,-73.9882583,1200000
40.7947214,-73.9739749,5400000
40.606863,-74.0088959,920000
40.6940946,-73.9592828,28000
40.611587,-74.001465,892500
40.636315,-74.024079,1075000
40.613994,-73.991282,968000
40.605148,-74.002813,537500
40.6384954,-73.9813583,635000
40.678551,-73.93638299999999,1425000
40.635837,-74.02962099999999,790000
40.68716999999999,-73.94677,950000
40.7739508,-73.9464765,1550000
40.678975,-73.94716,927000
40.776045,-73.9473357,5700000
40.620183,-73.97960549999999,556000
40.6805359,-73.939134,1185000
40.623978,-73.976614,675000
40.695792,-73.955682,10
40.614817,-74.002744,1200000
40.598452,-73.998336,1323725
40.690024,-73.938986,808000
40.690522,-73.93457699999999,780000
40.686834,-73.956519,1850000
40.689915,-73.926799,830000
40.7794806,-73.9476497,650000
40.686367,-73.953644,3000000
40.7785135,-73.9018505,36000
40.6822488,-73.938079,2150000
40.71197,-73.9977109,1640000
40.6032295,-74.0054241,385000
40.61501,-73.992947,730000
40.684879,-73.9913399,18500000
40.689699,-73.937798,1200000
40.6114118,-74.0100513,2500000
40.611108,-74.003928,700000
40.604475,-74.012129,615000
40.600024,-74.00377999999999,610000
40.60577199999999,-74.008854,500000
40.6383667,-74.0348123,550000
40.683119,-73.942658,1550000
40.69748999999999,-73.957043,10
40.7799003,-73.9846567,988000
40.680513,-73.930324,1050000
40.607216,-74.008021,490000
40.698651,-73.956439,2500000
40.694189,-73.948424,995000
40.7658059,-73.9614359,10
40.6283981,-73.9156223,310000
40.69198,-73.934969,1000000
40.627829,-73.98522899999999,1350000
40.6161378,-73.9045132,700000
40.689042,-73.928032,899000
40.694744,-73.95011199999999,575000
40.608178,-74.01607,303048
40.6094293,-73.9874758,1260000
40.692823,-73.9471499,10
40.686287,-73.928223,1175000
40.629045,-73.978149,353500
40.689067,-73.95624699999999,2000000
40.604709,-74.003796,2000000
40.69206399999999,-73.947384,1600000
40.7668523,-73.9968866,1071000
40.618661,-73.997522,843000
40.687648,-73.98603,2825000
40.699119,-73.94045299999999,890000
40.692631,-73.94493899999999,1000
40.6388627,-74.0357274,641497
40.686209,-73.983768,1504493
40.693422,-73.951869,200000
40.6919475,-73.94811779999999,1500000
40.7119295,-73.99833029999999,1200000
40.7633794,-73.9612677,530000
40.603266,-74.007655,1440000
40.63606499999999,-73.987104,10
40.7638151,-73.9544691,725000
40.60781799999999,-74.00656599999999,1180000
40.686906,-73.927142,990000
40.6971069,-73.9575256,446160
40.622478,-74.0222579,765000
40.69025600000001,-73.95688,1200000
40.684258,-73.982782,5250000
40.631531,-74.03699,1355000
40.6931035,-73.9449362,240000
40.628374,-73.997233,925000
40.69313959999999,-73.9441614,1150000
40.602526,-73.995977,1830000
40.7589053,-73.9996956,565835
40.6252977,-73.9087998,405000
