40.755243,-73.99262999999999,2246508
40.7511654,-73.9972947,244000000
40.7388856,-74.0075823,10050000
40.7215059,-74.00102930000001,3920262
40.736839,-73.99912499999999,400000
40.730605,-74.0032657,6615000
40.724626,-73.9794469,707000
40.7289052,-73.99364560000001,4900000
40.7127421,-73.9993575,783000
40.7216629,-74.0086615,12100000
40.7161283,-73.99936319999999,1000000
40.7232198,-73.9844969,936357
40.7173458,-73.9910106,25626000
40.72107,-73.984736,825000
40.7471976,-73.9926692,1930000
40.738251,-73.998204,3200000
40.7179405,-73.9959078,601400
40.733717,-74.007773,14850000
40.713565,-73.99959299999999,855666
40.75211059999999,-73.9925066,20000000
40.734797,-73.987853,728000
40.7098452,-74.0074015,171000000
40.7218835,-74.00995,6707394
40.7437858,-74.0003859,550000
40.747393,-73.98739499999999,2500000
40.742722,-74.00117,775000
40.7475731,-73.9815103,612461
40.7133254,-73.997101,390000
40.734397,-74.00078599999999,4400000
40.71810809999999,-74.00382100000002,6959338
40.7209969,-73.990796,225000
40.7497328,-73.996151,493328
40.7165872,-74.00480639999999,2764212
40.7228314,-73.9980441,9100000
40.7301009,-73.9852622,1798333
40.7437747,-73.9925579,2441315
40.7189738,-73.98584509999999,715375
40.7189082,-73.9873425,1390837
40.7061688,-74.015767,703629
40.730638,-73.98756999999999,625000
40.730949,-73.958043,3750259
40.73654399999999,-74.002509,748195
40.72014660000001,-74.0090221,10333750
40.7360889,-73.9963428,675000
40.723729,-74.00407609999999,3850000
40.727251,-74.002473,7400000
40.723886,-74.010013,3036788
40.72270400000001,-73.98649,5000000
40.7081429,-74.0068413,1097900
40.7150751,-74.0072003,2242166
40.7383954,-74.0484956,1025000
40.738476,-73.99412699999999,20000000
40.73693550000001,-74.0019188,815000
40.72543340000001,-74.003407,564350
40.739299,-73.99793199999999,600000
40.7436906,-74.00640050000001,1668585
40.7200431,-74.0021099,1850000
40.71059289999999,-74.0073731,3718262
40.7501347,-73.9796374,818000
40.745589,-73.991968,4100000
40.723837,-73.993442,61250000
40.73542,-74.0031463,900000
40.7199526,-73.9950169,2345000
40.7199913,-74.00741339999999,3675000
40.7393626,-74.0005159,875000
40.733063,-74.000874,9000000
40.72311699999999,-73.990239,17250000
40.748487,-74.004583,6536115
40.7169307,-74.0057537,4425000
40.741264,-73.995299,2160000
40.7238094,-74.0092074,1956058
40.71387319999999,-74.007903,2739000
40.731207,-74.002163,409500
40.7154474,-73.9827689,660000
40.7244781,-74.0096283,2950000
40.7195729,-73.989221,28000000
40.745263,-74.00106,10
40.7323496,-73.9934744,9602889
40.7132103,-73.990387,1893750
40.7230614,-74.0082801,3865000
40.7479364,-73.9916392,4000000
40.7256345,-73.97813080000002,630000
40.7286379,-73.99498779999999,925000
40.7445359,-73.9922768,1650000
40.7129335,-74.00089059999999,893171
40.710446,-73.991227,12300
40.73805,-74.048613,1985587
40.708377,-74.014067,6598312
40.71513119999999,-74.00687909999999,3279452
40.7290645,-73.9899057,1021000
40.7358862,-74.00451489999999,25000000
40.726853,-74.00173099999999,405000
40.7374651,-73.9951533,2450000
40.733672,-74.005849,6000000
40.725271,-74.007386,6400000
40.7424307,-73.99080359999999,3750000
40.7134394,-73.9794489,663333
40.7422076,-73.9946995,2035000
40.7369213,-73.99840619999999,1501500
40.60286809999999,-73.96307879999999,38275463
40.7424107,-73.9964178,785833
40.7501207,-73.98151589999999,543250
40.730972,-74.00398799999999,2650000
40.7362922,-73.99684119999999,998002
40.7368354,-73.9977427,1716250
40.728951,-73.993319,1300000
40.7446735,-74.0050913,2445000
40.734011,-73.99455300000001,1200000
40.7330073,-73.9903306,1310000
40.740111,-73.996875,3050000
40.7381537,-73.9933294,1450000
40.7188434,-74.0092313,3378170
40.7282677,-73.98078699999999,2105000
40.743111,-73.9906419,6181500
40.732296,-73.99607569999999,2324166
40.7393217,-74.0025233,3092500
40.7081095,-74.0075488,1167954
40.7221223,-74.0111314,2300000
40.7419646,-73.9861859,999000
40.7186204,-74.0029076,2050000
40.73331700000001,-74.0033119,24000000
40.723418,-73.98157499999999,245000
40.73369659999999,-73.9913313,59720000
40.7277436,-74.00471,1316666
40.742731,-73.995066,1253333
40.7266914,-73.99653339999999,596750
40.7416935,-74.0025961,4251000
40.7100769,-74.0069702,1605000
40.746675,-73.992627,30500000
40.7297579,-73.98155299999999,4750000
40.735847,-74.00003099999999,19200000
40.7150286,-74.0103936,3035184
40.7345162,-73.9957507,1646666
40.734744,-73.99803299999999,5343594
40.7259971,-73.9868068,545000
40.7243141,-73.9853384,817614
40.7174312,-74.009317,2095000
40.736694,-73.9993819,458000
40.7505794,-73.9862789,3189488
40.6335945,-73.97375219999999,600000
40.744918,-74.0040269,1525000
40.7188308,-74.0043144,1425000
40.724234,-73.98989399999999,6090000
40.714089,-73.9896874,2125000
40.7490067,-73.9903192,18800000
40.71716,-74.008532,2800000
40.7256874,-73.9925794,4142500
40.728231,-74.0035089,703364
40.7085934,-74.0162603,705818
40.7245998,-73.9960069,3115000
40.7553539,-73.992515,1416899
40.7153412,-73.7317901,165000
40.7313704,-74.00993179999999,1355400
40.722346,-74.01019389999999,5200000
40.7043154,-74.0118755,173000000
40.7051418,-74.0069548,270000000
40.73496189999999,-74.0046775,514460
40.7307368,-73.9903515,2235000
40.74480399999999,-73.9881939,6451500
40.73786459999999,-73.9998458,1011250
40.7370795,-73.9915868,1056000
40.7174825,-74.0055201,3091666
40.72165589999999,-74.0025069,724431
40.73587,-74.002387,1310000
40.745928,-74.003339,1275000
40.7252278,-73.99372079999999,560000
40.745931,-74.000734,630000
40.7202013,-73.9966075,1950100
40.7180112,-74.0051733,1500000
40.724411,-73.979075,1630217
40.7461666,-73.988395,3715000
40.7408856,-73.9961714,2358333
40.7218163,-73.99846579999999,3700000
40.742008,-74.0005915,5617500
40.7047012,-74.00751699999999,46000000
40.7340887,-73.9938232,4995000
40.7449994,-73.999387,1795000
40.74062199999999,-74.002971,532500
40.740626,-74.00734,190031704
40.6335949,-73.9737483,489000
40.71400999999999,-73.9788572,597041
40.7198092,-74.00081039999999,13800000
40.724142,-73.98328900000001,6500000
40.7363456,-74.0069843,1102000
40.7213743,-73.9829466,3652500
40.730676,-73.987674,1650000
40.7376678,-74.0052761,1287500
41.9934113,-73.872028,480000
40.7266509,-74.000732,2200000
40.717667,-74.00699399999999,2325000
40.7441109,-73.98923599999999,8900000
40.7425069,-73.9992,1775000
40.7052536,-74.0085742,651411
40.7248562,-73.997642,17187500
40.7216536,-74.0101057,9250000
40.7282411,-73.9837325,5950000
40.7143563,-73.9908804,1239993
40.7237675,-73.99959729999999,7830803
40.739332,-73.987599,2433333
40.7493279,-73.98004689999999,2200000
40.718117,-74.003987,2875000
40.7213581,-74.0056207,3808333
40.7310565,-73.98251929999999,662333
40.738324,-74.005009,413333
40.7355385,-74.00889339999999,459776
40.73789499999999,-73.9912949,3237500
40.7294111,-74.0011691,790000
40.7037803,-74.0077184,197500000
40.749801,-73.98055099999999,13440000
40.707491,-74.0116385,585000000
40.721518,-73.994034,1975000
40.7346324,-74.00707109999999,495000
40.7366749,-73.99271279999999,5375000
40.7125397,-73.9782826,818750
40.7129049,-73.98934109999999,4100000
40.7493152,-74.0059969,7750000
40.7319594,-73.9962275,2534000
40.73102000000001,-73.987307,6500000
40.74467629999999,-73.9944821,6900000
40.7360727,-74.00561019999999,751349
40.725887,-73.999338,50500000
40.7430373,-73.9905922,6000000
40.7404325,-73.99830519999999,57000000
40.7310701,-73.9824251,633333
40.7451021,-73.99338809999999,3840714
40.7285633,-74.0034438,686333
40.731736,-74.0026759,43000
40.7218393,-74.0016689,10794692
40.7257169,-74.0017276,475000
40.7298516,-73.98257459999999,170000
40.706084,-74.0117313,1603071
40.74401599999999,-73.99693599999999,9500000
40.7473369,-73.98437320000001,36000000
40.730539,-73.98804900000002,675000
40.7433419,-73.9899483,103800000
40.8225105,-73.809074,3800000
40.713697,-73.98935999999999,590000
40.7160577,-74.0051415,2250000
40.75048779999999,-73.9860534,63338493
40.7463679,-73.986857,13600000
40.730652,-73.994024,2475000
40.723685,-73.9960407,3000000
40.743614,-73.993776,11300000
40.7324109,-73.9924896,1700000
40.7149801,-73.98502169999999,788075
40.72271,-73.98936499999999,3550000
40.721741,-73.988103,10500000
40.739285,-73.999816,899000
40.740056,-73.999723,1250000
40.7208255,-73.97830739999999,414250
40.7339499,-74.0018111,2068500
40.7290226,-73.9912439,7926666
40.7222035,-73.9878665,8800000
40.733519,-74.00078700000002,9650000
40.7142299,-74.0068398,3087500
40.7051404,-74.0079954,1385078
40.7268198,-73.9962008,1957428
40.74054599999999,-74.000885,6200000
40.7264101,-73.984369,21900000
40.7312264,-74.0036669,3300000
40.722303,-74.0085982,6258333
40.7412267,-73.99877409999999,15545500
40.7290188,-73.98075089999999,599000
40.70823499999999,-74.0011899,7200000
40.7267315,-73.9946294,6251000
40.74484899999999,-74.000821,930000
40.71921690000001,-73.99478719999999,21125000
40.748676,-73.98198599999999,1147500
40.6064698,-73.8193628,1240000
40.7328931,-73.98976610000001,2073000
40.742316,-74.0014209,339250
40.735043,-74.00221599999999,985000
40.7435938,-73.9875777,3402499
40.7377139,-74.00410099999999,9350000
40.7225316,-74.0092197,5537500
40.7270023,-73.9860855,5500000
40.7238773,-73.9778755,295000
40.734635,-74.0070705,2000000
40.74499489999999,-74.0028615,4100000
40.723717,-73.9775105,2520000
40.723918,-73.98936599999999,485000
40.7223149,-74.00243069999999,4350000
40.717824,-73.991991,6000000
40.7141037,-73.9778323,585916
40.719074,-73.995292,25000000
40.7257305,-73.9949937,4125000
40.7225987,-74.0088864,3200000
40.7292175,-74.0046206,8125000
40.7261286,-73.9968781,56000000
40.7330922,-73.9944426,1222500
40.74627,-74.0071619,20213107
40.714478,-74.0096063,50000000
40.7436167,-73.9979002,500000
40.7173427,-74.0159807,2357028
40.733731,-73.99746999999999,1401000
40.7223449,-74.0017688,6000000
40.7156745,-73.9898838,330000
40.7172966,-74.0102454,6300000
40.719251,-74.000385,9600000
40.743999,-73.998093,770000
40.7467574,-73.9956629,8500000
40.7338516,-74.0074164,2260000
40.7225725,-73.9808079,340000
40.74176500000001,-73.998173,932600
40.7469449,-74.005696,11502000
40.7352797,-74.0012674,1179555
40.743193,-73.990838,92500000
40.7445122,-74.00239080000001,704535
40.70916649999999,-74.00599749999999,5800000
40.7052757,-74.00525019999999,470000000
40.741015,-73.997221,2133854
40.7446399,-74.003357,7425000
40.7407717,-73.9877052,572500
40.7383675,-74.00531029999999,6600000
40.734105,-73.99650199999999,21000000
40.7045127,-74.0107544,1245000
40.7078834,-74.00945519999999,1016550
40.72460299999999,-73.988147,385000
40.748251,-74.004758,2850000
40.745691,-73.989116,100000000
40.7438122,-73.9848622,2925000
40.7073131,-74.012587,28100695
40.7241069,-73.99571,36250000
40.750063,-73.99754899999999,1100000
40.793612,-73.822204,999900
40.738247,-74.0029425,26000000
40.720479,-74.001549,3910000
40.7222622,-74.01006260000001,1402050
40.7273827,-73.9924454,2325000
40.7096944,-74.00708399999999,1000
40.7333507,-73.99195340000001,3337500
40.73180259999999,-73.9939553,1259752
40.7530278,-73.9980277,69600000
40.73323240000001,-73.99381749999999,10100000
40.731718,-73.98696,951000
40.7316351,-74.0047465,10
40.732778,-73.99348049999999,739963
40.733994,-74.005687,9450000
40.7443383,-74.0023322,3200000
40.7318499,-73.9933298,1950000
40.73482,-74.004659,960000
40.72305799999999,-74.002887,18750000
40.7464074,-73.9933444,82500000
40.726375,-73.97998299999999,1
40.71895490000001,-73.9908961,333200
40.732157,-73.999667,8250000
40.7386657,-73.9945707,5500000
40.6819338,-73.9766985,699000
40.7482373,-73.996854,104978
40.726203,-73.99911,5828333
40.7495005,-73.9842803,727000
40.7307214,-73.9849122,765333
40.731632,-73.984025,520000
40.7441201,-73.9949853,11995000
40.733426,-74.005342,10500000
40.724401,-73.980205,35000
40.735579,-73.99735299999999,9725000
40.7360447,-73.9981023,810250
40.7161374,-74.0076608,2935000
40.7455548,-73.98621829999999,35591765
40.73038529999999,-74.00148539999999,422808
40.7309694,-73.9875869,8550000
40.734812,-74.00672800000001,862500
40.7228235,-73.98509,425000
40.7494539,-73.9826114,1572000
40.7514447,-73.9842058,2100000
40.7465004,-73.998651,80107
40.7260258,-73.98861640000001,1031000
40.7510327,-74.0052374,36725000
40.725767,-73.97796799999999,1373501
40.7100228,-74.0168448,497650
40.66298,-73.75397,7700000
40.745085,-74.004852,1317300
40.7191124,-73.9845132,10000000
40.71665,-73.98633509999999,7070000
40.7223797,-74.0107239,4375000
40.71388590000001,-73.9790036,508333
40.7371399,-74.007042,2650000
40.742889,-74.00164,502571
40.7344647,-74.0093605,3000000
40.718938,-74.0101498,1988000
40.7346704,-74.00964979999999,4600000
40.7442214,-73.9872912,2089000
40.728938,-73.9995579,663586
40.7254587,-74.0054881,908333
40.720835,-73.993471,2625000
40.719811,-73.99771299999999,5500000
40.7352686,-73.9962642,4500000
40.7404789,-73.99704229999999,5025000
40.717925,-73.98494,4000000
40.7182732,-73.9971408,5400000
40.740332,-73.99757,3120166
40.718474,-74.009523,5928908
40.7187868,-73.99150089999999,890000
40.721261,-73.984247,15200000
40.75235869999999,-73.9893192,182000000
40.7321214,-73.9968799,1726570
40.7069651,-74.0169554,1385000
40.729866,-74.0033792,1460000
40.722865,-74.0030527,9907000
40.72235,-73.996625,15500000
40.7370646,-73.9946066,1716000
40.72318000000001,-74.000693,11800000
40.725462,-74.00725,7816462
40.745157,-74.007033,205000000
40.7337149,-73.9982117,1900000
40.7226122,-73.9872903,17375000
40.7473746,-73.9960357,1280000
40.746811,-74.002797,1825000
40.73104350000001,-74.0062047,675000
40.7435775,-74.0007332,4900000
40.7247329,-73.99985629999999,5410000
40.7431647,-73.9957271,594750
40.73006729999999,-73.986069,2200000
40.7291813,-73.990163,999950
40.7102861,-74.00599389999999,20500000
40.7527386,-73.9835411,515775
40.7395726,-73.997357,1300000
40.7112942,-74.0062184,1725000
40.722085,-74.006894,5179500
40.7358568,-74.0071213,5950000
40.7195529,-73.9857577,951019
40.734103,-73.99834,1950000
40.739801,-73.9983795,1188666
40.7312708,-73.9860911,1121880
40.720833,-74.002555,1795000
40.72323799999999,-73.9830379,6995000
40.7359855,-74.0096113,1066999
40.7325499,-74.00224089999999,472583
40.7443474,-73.9870804,1600000
40.7298779,-74.01072429999999,37215188
40.708,-74.000323,7100000
40.750837,-73.9833287,620000
40.727279,-74.00446699999999,6470000
40.75422349999999,-73.9948229,3937500
40.7391453,-74.000247,3000000
40.7104052,-74.00856759999999,25000000
40.7491444,-73.9809108,1147500
40.7182566,-73.9881462,1
40.7361241,-73.9955136,564500
40.7166647,-73.9903696,6260000
40.7141831,-74.0089969,5500000
40.713623,-74.0070485,1467500
40.7211152,-73.9858849,520000
40.718654,-74.002123,4300000
40.74539,-74.005084,332500
40.723769,-73.999816,68000000
40.728564,-73.9951237,995473
40.724741,-73.98354900000001,320000
40.735214,-74.0096653,3550000
40.722563,-74.00171379999999,4895000
40.680572,-73.980507,857500
40.734894,-74.000418,1850000
40.74087670000001,-74.004443,3000000
40.74475,-73.994547,301000
40.7323625,-73.9871246,1594375
40.7269185,-73.97729509999999,18330000
40.7483335,-73.9809404,179000000
40.737738,-74.00703899999999,33091
40.7336411,-73.9932394,13725000
40.7492838,-73.9821572,6191666
40.7467169,-74.00330199999999,301158
40.7385959,-74.0028459,1535000
40.7283364,-73.99431419999999,4000000
40.72092500000001,-73.999206,17900000
40.7429289,-73.994367,1085000
40.7017613,-74.01139309999999,2750000
40.708735,-74.01358499999999,52850000
40.734578,-73.9874959,695000
40.7560764,-73.99153439999999,16300615
40.739832,-73.98816699999999,950000
40.7220726,-74.00212859999999,10500000
40.74998799999999,-73.98006699999999,670736
40.7188933,-74.0088474,48000000
40.7420366,-73.9965179,806250
40.7044943,-74.01079639999999,688000
40.733751,-73.9932623,70000000
40.7428435,-74.0033321,9350000
40.7455799,-74.007347,5285000
40.7208142,-73.9907376,400000
40.7252802,-73.9988202,9775000
40.725829,-73.993759,2650000
40.737105,-73.991551,2000000
40.67665100000001,-74.003896,995000
40.7360166,-74.0090074,326300
40.712995,-73.996916,8800000
40.737893,-73.993444,6500000
40.7433772,-74.0070047,44400000
40.7322516,-73.9929413,3162000
40.7465308,-73.991125,2395432
40.7171762,-74.0051431,2290000
40.73166399999999,-73.984095,545000
40.7516627,-73.9817405,5611357
40.736587,-73.998531,1228500
32.4964607,44.6267009,4962500
40.737785,-74.00624700000002,2510000
40.726576,-73.992796,3162500
40.7474699,-73.9850289,1726800
40.7334519,-74.0064689,1250000
40.7269689,-74.00056599999999,1555750
40.744667,-74.00734899999999,870000000
40.7411152,-73.9921992,8350000
40.722765,-73.98074199999999,385400
40.7207631,-73.9960102,13200000
40.734589,-74.006812,2186666
40.735653,-73.999613,1075000
40.7450423,-73.9839731,1137500
40.7314474,-74.0061721,832000
40.7317316,-74.00298049999999,225500
40.732536,-73.9927639,754375
40.738283,-73.998285,3050000
40.740082,-73.98757800000001,685000
40.7327924,-73.9917378,669757
40.718433,-74.0081809,6750000
40.732067,-73.995007,1750000
40.7381329,-73.9932262,3690000
40.730332,-74.005552,12000000
40.7390342,-73.9926317,2101111
40.717898,-73.99837699999999,6500000
40.7287244,-73.9936446,2800000
40.732891,-74.005881,6100000
40.7511032,-74.0040123,22100000
40.71396,-73.985807,9000000
40.72090619999999,-73.98994090000001,75000
40.7436884,-73.986177,514000
40.7291529,-74.00168099999999,472000
40.7153847,-73.9864537,670583
40.7415131,-73.9949345,10
40.70720379999999,-74.01759489999999,1874444
40.7434579,-73.98866799999999,260000000
40.7244855,-74.0006812,6750000
40.7166456,-73.98939779999999,4000000
40.72726369999999,-73.9785936,1500000
40.7350157,-74.00861189999999,397800
40.736961,-74.00416799999999,10
40.7256192,-73.996036,2425000
40.715319,-73.996999,373200
40.7207883,-73.9878868,24000000
40.7134581,-73.9792442,676285
40.7197255,-73.9917026,1252875
40.7473716,-73.98255200000001,185000000
40.717555,-73.983622,742500
40.72352799999999,-73.9770595,800000
40.738037,-73.9929423,28250000
40.7223688,-73.9773329,922500
40.7279019,-73.9998623,2055631
40.735942,-74.003641,11196250
40.7307937,-74.0047548,2500000
40.7178034,-74.00304349999999,776940
40.7306894,-74.00825929999999,2650000
40.7420828,-73.9973861,619975
40.7450853,-74.0035238,999367
40.738738,-73.997372,737172
40.7414476,-73.994216,2648000
40.74061,-73.9973211,2008000
40.7375585,-74.0097582,4505392
40.727789,-73.977645,92228571
40.7139669,-73.985725,5000000
40.721216,-73.97895299999999,410000
40.719114,-73.992155,2180000
40.7487959,-73.99918760000001,70455
40.74584,-74.00313,21750000
40.7341823,-73.98984089999999,610000
40.734589,-74.00653799999999,847500
40.755981,-73.9794314,2800000
40.7217105,-73.9824687,664500
40.742828,-73.997931,799000
40.7272977,-74.0030524,681550
40.7190976,-74.0038712,6150000
40.7389409,-74.00742699999999,21000000
40.7128737,-73.9992072,721166
40.725325,-73.97936399999999,656666
40.73358,-73.993444,2470000
40.7279989,-73.98764,739599
40.719061,-74.004351,8500000
40.7363139,-74.0016571,5780000
40.7529669,-73.9859543,835000
40.729825,-73.99977190000001,6000000
40.73736,-74.00709499999999,13600000
40.7359095,-73.99335099999999,999500
40.7436239,-73.9842029,3476493
40.7380266,-73.9963813,830000
40.7356541,-73.996421,519975
40.73264,-73.988503,2996666
40.7235546,-74.00895419999999,4800000
40.738516,-74.00783899999999,1179500
40.73004,-74.001542,650000
40.743454,-73.994883,1038937
40.7331929,-73.9959672,868759
40.7328283,-73.9871869,572500
40.7220047,-74.0022673,9150000
40.744753,-74.000586,645000
40.738082,-74.048671,450000
40.7280616,-74.007204,2150000
40.735569,-74.0040789,2762500
40.74691199999999,-74.00303199999999,2160000
40.73977300000001,-74.004094,3575000
40.7263229,-73.9930244,10525000
40.7302123,-73.98306769999999,941250
40.720374,-73.983144,1133333
40.735294,-74.003609,689661
40.709985,-74.009434,195000000
40.7075314,-74.0028315,5250000
40.748234,-73.9823202,955000
40.7289435,-73.98525889999999,1625000
40.73246899999999,-74.004683,11250000
40.7253639,-74.0015997,2450000
40.755553,-73.993031,10817625
40.72542079999999,-73.99480609999999,3150000
40.7345385,-73.9976346,781750
40.72362589999999,-73.9853838,585000
40.711321,-73.9877499,700000
40.7209597,-73.98742330000002,5250000
40.7250007,-74.00827249999999,3295087
40.7388418,-73.99007519999999,26500000
40.7438072,-74.0004577,570000
40.7222724,-73.98783809999999,42800000
40.7407034,-73.9890331,1511192
40.7362669,-73.9946933,1838333
40.7187503,-74.0058114,3466666
40.74930639999999,-74.0059758,7100000
40.73944890000001,-73.98720589999999,1169285
40.7500656,-73.9899312,1522000
40.7498851,-73.9896655,5769400
40.7458529,-74.002343,8500000
40.7313282,-74.00332759999999,7250000
40.7364256,-73.9989933,9000000
40.7341614,-74.0042805,961000
40.7374876,-73.9907456,13250000
40.722735,-73.98434999999999,936500
40.7132515,-73.9974282,1435341
40.7247545,-73.9931457,6500000
40.732823,-73.989147,1722853
40.7374298,-73.98875149999999,565000
40.7309195,-74.0054741,650000
40.7160466,-74.0108091,1077250
40.7398258,-73.9928297,4107636
40.7346977,-74.00736479999999,1162500
40.722425,-73.98341099999999,3950000
40.719242,-73.99578,26000000
40.7375892,-73.997862,6150000
40.72745099999999,-73.980043,850000
40.747129,-74.00427499999999,4887500
40.743241,-73.998249,1213124
40.755935,-73.996854,1300000
40.732868,-73.994725,215000
40.7219678,-73.9959287,937500
40.7389096,-74.001233,878400
40.7057227,-74.004423,100000000
40.7464901,-74.0018758,429000
40.726646,-74.0015078,727000
40.7400347,-73.9958216,1912500
40.740328,-73.988157,6431318
40.7380179,-74.048554,735000
40.732042,-73.98898,757666
40.740379,-74.000518,533250
40.718826,-74.0033258,2950000
40.74505,-74.00129299999999,477000
40.7218205,-74.0021891,5890000
40.7357559,-73.9967453,1755000
40.739386,-73.9969947,41500000
40.7472085,-74.0013378,632500
40.70651429999999,-74.01881379999999,3530000
40.728882,-74.0046158,5137500
40.716968,-74.00878,4860000
40.740551,-73.991793,7500000
40.744771,-73.9881149,6298500
40.7245257,-73.9756749,10500000
40.7210464,-74.0088001,1950000
40.7349739,-74.0066344,475000
40.742603,-73.995492,1750618
40.7190792,-74.0087715,2300000
40.7409504,-73.9905488,4450000
40.734981,-73.996697,1305750
40.749334,-74.006323,8125000
40.7209821,-74.0019804,14750000
40.7209349,-73.9926895,15000000
40.7194531,-73.98463339999999,28000000
40.6491234,-73.9620453,5012999
40.7301016,-73.9917072,3050000
40.7171728,-74.0041942,21000000
40.728404,-73.98661799999999,900000
40.73179,-73.99190829999999,1823750
40.734768,-73.99618699999999,3750000
40.7405479,-74.00286899999999,1500000
40.737361,-74.00726890000001,723666
40.74472979999999,-73.9964674,72900000
40.7152474,-73.9990371,6700000
40.7386,-74.00504699999999,8750000
40.7328941,-73.9887601,850000
40.7114996,-74.006394,1791666
40.737725,-74.007596,1350000
40.7082301,-74.014437,6193633
40.7400043,-74.0012412,1181666
40.7304496,-73.99353150000002,1649181
40.7153459,-74.006413,2520000
40.793338,-73.80519799999999,105000000
40.7322182,-73.9901418,1337500
40.720572,-73.9840141,475000
40.746516,-73.987214,2650000
40.713207,-73.989813,4050000
40.7326063,-73.9931194,3250000
40.732334,-74.00511,610000
40.736551,-74.00636949999999,722142
40.733953,-74.00358,9300000
40.7201735,-73.9968322,2439166
40.717038,-74.0035213,2725000
40.739227,-73.992065,3150000
40.71018460000001,-74.0176786,954395
40.7222822,-73.98199269999999,500000
40.7359035,-74.00938839999999,1510000
40.721566,-73.9987348,2378225
40.7459751,-73.99554920000001,810500
40.74530379999999,-73.9954844,2593033
40.7322345,-73.9963669,5317500
40.742914,-74.002838,10000000
40.7307918,-73.9903808,7400000
40.722901,-73.98413599999999,31500000
40.731722,-74.00111,9775000
40.754633,-73.99466799999999,3142500
40.725778,-73.99900199999999,20000000
40.707977,-74.0173492,520958
40.7214382,-74.0026894,5200000
40.748573,-73.9993679,79180
40.7453292,-73.99920879999999,484833
40.7254772,-73.9843094,550000
40.7213725,-73.98456639999999,12850000
40.7470761,-73.9977487,95118
40.727888,-73.9854578,18500000
40.737361,-73.995261,3400000
40.7354959,-74.0069898,10175000
40.74518,-74.004588,7732344
40.7147647,-73.9821747,629285
40.7391073,-74.0036229,2410000
40.7335249,-73.9915692,1217250
40.722881,-73.98101799999999,8571429
40.7258617,-74.009661,2866666
40.7448118,-73.99557659999999,2072500
40.7216954,-74.0040441,3458333
40.721764,-74.009486,7731708
40.718902,-73.992249,755000
40.71956290000001,-74.0086978,5000000
40.738164,-73.99155499999999,2415000
40.7317395,-74.0048668,1260000
40.734172,-73.995955,12000000
40.730084,-74.0010983,5676000
40.7222845,-73.98058189999999,49032
40.7258673,-73.9999689,2175000
40.725074,-73.983611,760000
40.73848,-74.006725,1320000
40.7466646,-74.002409,1075666
40.7160549,-73.9975479,610000
40.792807,-73.79571849999999,2252200
40.7159317,-73.98825070000001,804571
40.7273421,-73.9860448,8000000
40.734186,-74.004893,1369280
40.7402488,-74.0024674,517055
40.7444894,-73.9878045,22100000
40.7089218,-74.0073373,1723000
40.7429466,-73.99024279999999,5475000
40.74578899999999,-74.00028999999999,1715000
40.726611,-73.99557639999999,1995000
40.7247871,-73.9762947,3050000
40.7352292,-73.99500950000001,500000
40.729822,-73.981709,13603448
40.742812,-73.989926,9500000
40.7514484,-74.0038513,1492615
40.7312439,-73.9927271,723183
40.7403494,-73.9883318,1058333
40.7312486,-73.99107719999999,1685392
40.73716,-74.00627399999999,1395000
40.7348753,-73.9892251,1545642
40.733903,-74.00814799999999,1637500
40.7268908,-73.9775009,2900000
40.74003,-74.0015998,13000000
40.72042099999999,-73.98844600000001,7900000
40.7467095,-74.0006054,78358
40.7314722,-73.9859211,7875000
40.732768,-73.994489,18250000
40.7369641,-73.7079098,660000
40.7431175,-73.9869484,14580675
40.7352333,-73.99591570000001,3900000
40.7191331,-73.991576,11000000
40.7405121,-73.99993769999999,600000
40.7153496,-74.00700789999999,2600000
40.75405809999999,-73.9934102,370094
40.7497026,-73.9984856,74481
40.7330008,-74.0005218,1044375
40.7067029,-74.0109622,1725119
40.7174668,-74.00069789999999,1015000
40.7497853,-73.9862035,49340000
40.7481971,-74.0033461,1461500
40.7425969,-73.9945099,3600000
40.7209852,-73.9995749,7990000
40.7177225,-74.00555539999999,4648750
40.733166,-73.995278,1299500
40.7099121,-74.0075593,6400000
40.7372614,-73.9931285,1896750
40.7526642,-73.9833325,82000000
40.737361,-74.008864,2937500
40.7177627,-73.99800259999999,5600000
40.7376859,-74.0068378,6500000
40.7384516,-73.9955213,1075000
40.7237641,-73.9787119,14550000
40.7559792,-73.9932417,22500000
40.7349856,-74.000451,1081903
40.7081734,-74.0061223,999210
40.723857,-74.0096855,10
40.722821,-74.001402,45000000
40.7438526,-73.98487399999999,3225000
40.7315448,-74.00636709999999,710000
44.7682704,-74.9407884,515000
40.7477289,-73.9938579,15250000
40.7436585,-73.9953177,766666
40.732821,-73.99273,4170493
40.7331307,-74.0066255,13500000
40.7360338,-74.0006392,7000000
40.7096575,-74.0069086,1950000
40.725869,-73.97880599999999,1987500
40.7440878,-73.9941056,1501000
40.74307,-73.99408919999999,4050000
40.732938,-74.00589599999999,5300000
40.7165933,-74.01059289999999,1458333
40.729484,-73.99128999999999,3042966
40.724682,-74.00101599999999,21000000
40.734601,-74.00376,869000
40.746842,-73.991102,5000000
40.732805,-73.9941357,1295000
40.7457047,-73.9929052,3800000
40.7265159,-73.989541,6525000
40.6028625,-73.96312859999999,16000000
40.738453,-73.988609,3866666
40.715697,-74.0160607,2287000
40.721675,-73.99848899999999,15000000
40.716261,-73.999664,3712500
40.7089922,-74.0173477,577500
40.72792279999999,-74.00491939999999,1372333
40.7138034,-74.0129973,22000000
40.72646049999999,-74.00330869999999,1748750
40.7321555,-73.99478309999999,1441503
40.7244664,-74.0001595,1985000
40.7247218,-74.0080895,1657500
40.7191529,-74.0100868,2725000
40.73264899999999,-73.98728299999999,747000
40.71493299999999,-74.008788,6900000
40.746326,-74.002369,1071504
40.7237018,-73.9878726,9650000
40.7470154,-73.99818119999999,82901
40.7176062,-73.9968787,4325000
40.72258799999999,-74.010227,2775000
40.7225856,-73.9815187,340000
40.7379907,-73.99214839999999,1345000
40.713969,-74.01013999999999,65694524
40.7095628,-74.0099212,151150000
40.729335,-74.0042859,760000
40.727038,-74.00231000000001,1530013
40.7308023,-73.993929,630895
40.7285624,-74.0035165,935000
40.73971299999999,-74.003947,3600000
40.719072,-74.00841,1125000
40.7186265,-73.9963636,764606
40.714049,-73.98746799999999,3700000
40.7128109,-73.99474409999999,415000
40.732022,-73.98692299999999,1
40.726432,-73.985018,7088908
40.7294849,-73.992869,17000000
40.719926,-74.006332,2900000
40.7368515,-73.9941253,691725
40.73480199999999,-74.009205,2212500
40.7193406,-73.9854817,30500000
40.719159,-73.99488,24000000
40.7248657,-74.0100937,6100000
40.74089499999999,-73.9869313,336744890
40.7156258,-74.0100174,2687500
40.724073,-73.979415,418000
40.7397533,-73.988733,4750000
40.733974,-73.9912251,4300000
40.745099,-74.005077,769000
40.7319024,-74.0053564,778886
40.7138364,-74.0000629,359166
40.7302073,-74.01024389999999,11319727
40.7168489,-74.0039185,2461879
40.738614,-74.006331,725000
40.740704,-74.003941,4300000
40.7257568,-74.0006196,1300000
40.748079,-74.00158789999999,1437992
40.7166708,-74.0122865,2792111
40.7345339,-74.00415799999999,900000
40.7260774,-73.99917119999999,4650000
40.756515,-73.993692,4150000
40.742067,-73.986093,1301675
40.737181,-74.00397199999999,6520000
40.718831,-74.00780499999999,11165111
40.74596,-73.9929823,3125000
40.7279221,-74.0002529,397500
40.7268422,-73.99193269999999,1525000
40.7355424,-73.996257,11400000
40.7238245,-73.99431550000001,3150000
40.7454597,-74.0014921,1330469
40.74566600000001,-73.985156,102000000
40.7081658,-74.0178918,797159
40.728528,-73.99331099999999,157500000
40.732197,-73.999774,1820000
40.7449787,-74.0057313,3176125
40.723199,-73.992443,3500000
40.737971,-74.003052,315000
40.7089984,-74.0017996,432670
40.732771,-74.00512100000002,15200000
40.721825,-74.008681,8925000
40.7403514,-73.99378,8500000
40.72877099999999,-73.978201,658000
40.748124,-74.002549,1681633
40.73346799999999,-73.998677,6600000
40.745738,-73.996917,1235000
40.742168,-73.99446900000001,28500000
40.7113289,-74.0073211,21000000
40.7221334,-73.994428,2500000
40.7042506,-74.0102359,1325000
40.7351839,-73.99240999999999,29500000
40.727192,-74.008377,26000000
40.71646560000001,-74.0107106,679000
40.7217226,-74.0025938,189364
40.7092038,-74.0061936,12000000
40.7206625,-74.0027787,2935000
40.7262676,-73.9995543,5750000
40.6853534,-73.9612252,577222
40.7092575,-74.0070346,253000000
40.7322859,-74.0024791,613666
40.715279,-73.991944,1775000
40.71144779999999,-74.0071021,52000000
40.7329403,-73.9882787,1665000
40.739028,-73.99806,2525000
40.6766225,-74.0044939,1573750
40.7320578,-74.0093136,1431250
40.742392,-73.994269,2400000
40.7381389,-73.99924279999999,6750000
40.74853,-74.002757,4695000
40.7194471,-74.0015255,1678289
40.753661,-73.99766900000002,413250
40.732849,-74.00488899999999,12200000
40.708512,-74.0014736,1274015
40.7237647,-73.98905859999999,1939666
40.7375347,-74.0074525,540000
40.73415139999999,-73.9987369,1035000
40.72196599999999,-73.998243,3000000
40.74033499999999,-73.991743,3675000
40.7255448,-74.0089706,2193333
40.72673260000001,-73.9952143,2210000
40.7241686,-73.9777797,1595000
40.7386242,-73.9943933,2325000
40.723736,-73.983051,589000
40.7445406,-73.9907826,106200000
40.7169738,-73.9964607,24000000
40.7099212,-74.0179635,944166
40.745866,-73.98470499999999,7000000
40.7314301,-73.9934503,1444500
40.7220296,-73.98753549999999,2054829
40.7165774,-74.0096645,5100000
40.7238019,-74.0018286,10150000
40.7092191,-74.0137534,4175385
40.724216,-73.980446,4700000
40.746365,-74.001735,826000
40.713771,-73.987882,2250000
40.7481388,-73.9969469,86353
40.746197,-73.986666,806992
40.7320952,-73.994019,2100000
40.7407484,-73.99399389999999,1930000
40.743338,-74.00201799999999,522000
40.7452683,-74.00555659999999,19350000
40.7267578,-73.9774611,715000
40.72142590000001,-74.0004774,3690000
40.7502091,-73.9838334,4904265
40.74863999999999,-73.99564000000001,7000000
40.7248361,-73.9764569,3312459
40.733704,-74.003489,4600000
40.73074039999999,-73.9849785,820000
40.7295551,-74.00377209999999,400000
40.755818,-73.9912329,30000000
40.7151439,-74.0091826,975000
40.7202892,-73.9954454,2725250
40.7232694,-73.9769625,1758178
40.726856,-74.0038246,1763500
40.7512101,-73.9798061,4650000
40.7361669,-73.99317529999999,1120726
40.732252,-74.006109,425000
40.724115,-74.00262599999999,2360000
40.7358593,-74.0075131,675000
40.711856,-73.993647,9000000
40.7337599,-73.991794,926666
40.744476,-73.998026,581450
40.7215408,-73.9967013,8375478
40.7154159,-74.0160024,2259375
40.730243,-73.98834699999999,7606000
40.7521259,-73.98784479999999,38900000
40.723171,-73.99335099999999,12920000
40.717899,-73.996577,4650000
40.7225727,-73.996819,3200000
40.7391099,-73.99748199999999,847500
40.726261,-73.9852949,780000
40.725253,-73.988503,661275
40.7443173,-73.98411569999999,1530750
40.7498667,-73.9957955,804115
40.718598,-74.00825999999999,2725000
40.7392287,-73.9987561,2256250
40.724399,-74.00377999999999,478000
40.747171,-74.00365099999999,521000
40.7373522,-73.9933976,1715000
40.7264071,-74.00183849999999,8000000
40.7097763,-74.016117,745000
40.729695,-74.001007,11623391
40.7414879,-73.9978469,1388887
40.7329148,-73.9877211,2306250
40.74389,-73.993698,2112500
40.7114819,-74.005956,168000
40.725551,-73.97989799999999,675000
40.7135918,-74.0092858,262778096
40.7121662,-73.99295409999999,495012
40.713569,-73.9777409,609000
40.7199226,-74.0071016,10383333
40.7085398,-74.00099159999999,2400000
40.725212,-73.990495,530000
40.744482,-74.00543499999999,3962963
40.7380039,-74.0047,11000000
40.7185036,-73.982663,12500000
40.7457661,-73.99913889999999,1725000
40.7405824,-74.0045775,33451991
40.7077299,-74.0097298,1162259
40.7329182,-74.008843,913333
40.7354119,-73.995869,5500000
40.7407722,-74.0010762,1050000
40.73223300000001,-73.992042,3150000
40.705812,-74.00478799999999,24000000
40.715533,-73.986526,741000
40.7248438,-74.0009484,6550000
40.7096944,-74.0173131,1982000
40.7059416,-74.0093522,892815
40.72972300000001,-73.981477,6100000
40.720683,-74.00268299999999,14450000
40.733516,-74.00708999999999,920000
40.718452,-73.98608,410000
40.727011,-73.977794,380000
40.6064678,-73.81930280000002,570000
40.7239913,-73.9781465,2900000
40.7281228,-73.999709,1281000
40.7298953,-73.9829045,1348500
40.728723,-73.9798859,339000
40.7206878,-74.0093988,1180000
40.7037389,-74.0104776,10000000
40.6770302,-74.0055194,439000
40.732459,-74.001261,11000000
40.749595,-73.981996,832500
40.743722,-74.0028449,7000000
40.7426587,-74.0078436,47604492
40.7315843,-74.0082257,2295000
40.729616,-73.992808,4012412
40.75408970000001,-73.994535,901000
40.72339820000001,-73.998233,801720
40.719843,-73.996444,17000000
40.7201506,-74.0062745,1700000
40.71412420000001,-73.99157509999999,931843
40.73034,-73.994749,642163
40.7497532,-73.9789488,13300000
40.7554724,-73.9940048,37383333
40.71941899999999,-73.98508690000001,2108333
40.7369864,-73.99144199999999,4350000
40.712482,-73.994947,8000000
40.5987749,-73.7559168,1200000
40.7338736,-74.00397079999999,692000
40.73892730000001,-73.99905559999999,883475
40.722563,-73.989997,399000
40.7140013,-73.9933839,3500000
40.7207888,-74.00881129999999,1800000
40.7190655,-73.9872539,2100000
40.7167271,-73.98972069999999,3850000
40.735803,-74.003007,640000
40.7245687,-74.00935679999999,2352500
40.7538902,-73.9867112,18000000
40.72199,-73.996867,3600000
40.72647200000001,-74.00062199999999,2650000
40.72056,-73.994331,10200000
40.739121,-73.998278,2700000
40.743447,-73.997517,359995
40.7057178,-74.00423599999999,20000000
40.719403,-74.00757,5425000
40.7223655,-74.001981,8000000
40.7157628,-73.98818469999999,604000
40.7521284,-73.9918752,80180000
40.7202075,-73.9876239,759114
40.7351907,-73.995203,1395037
40.7340659,-74.0081694,1295000
40.7207071,-73.9911317,28000000
40.71349379999999,-73.9793021,600250
40.7467418,-74.00256879999999,1791666
40.7340583,-74.0086318,8573716
40.7373009,-74.0002987,1487502
40.745314,-73.98724299999999,25500000
40.727569,-73.994518,4175000
40.7478915,-74.005149,994366
40.718972,-73.982888,6392750
40.745689,-73.98483499999999,5000000
40.7558073,-73.99754209999999,15000000
40.7190218,-73.9923319,650000
40.7059326,-74.00425229999999,850000
40.7248954,-74.0066662,4100000
40.7137564,-73.97777339999999,719600
40.729671,-73.98212099999999,2117960
40.6026162,-73.9651169,42000000
40.7258398,-74.0093105,3700000
40.7513539,-73.9839813,36350000
40.7481775,-74.0046693,1214076
40.711848,-73.99374,3550000
40.7452401,-73.9989464,1131300
40.7454521,-73.99948839999999,2275000
40.7058765,-74.0074034,452000
40.732092,-73.99953599999999,10000000
40.7225983,-74.0047099,1950000
40.721181,-74.0087798,10150000
40.7460874,-74.0076191,1437500
40.7211489,-74.00872799999999,11800000
40.742132,-73.99743819999999,532583
40.7551405,-73.99812670000001,157500
40.7158893,-73.9880634,779750
40.7192689,-74.0097499,8925000
40.746008,-74.000883,649000
40.7488267,-73.9964457,82635
40.7239215,-73.98555089999999,975785
40.723154,-74.003421,4504125
40.7063346,-74.0169647,2050000
40.7211304,-74.0029437,2592500
40.7088321,-74.0166546,475750
40.7283766,-73.9893415,775000
40.7395819,-73.99099989999999,1581000
40.737812,-73.989772,1269000
40.755211,-73.989566,85000000
40.70924,-74.0180757,1030250
40.7174991,-74.0024071,2865000
40.747185,-74.00752899999999,45000000
40.7315457,-74.00538460000001,594538
40.746026,-73.99686799999999,21472000
40.745009,-74.00422,1775000
40.73877700000001,-73.990194,3397500
40.7358055,-73.9915061,8312500
40.709154,-74.006106,11250000
40.71981419999999,-74.00007339999999,200000000
40.7041368,-73.9865919,2975000
40.7455766,-74.0070157,3933333
40.7163619,-73.98964699999999,6902675
40.75648839999999,-73.9935167,2466666
40.7150915,-73.9867936,980333
40.74739599999999,-74.00403899999999,1275000
40.7224101,-73.99412099999999,8250000
40.722826,-73.993836,1180000
40.741402,-73.999259,2737500
40.725007,-73.98911,560000
40.7250169,-73.98856169999999,939500
40.71650760000001,-73.9914606,1959166
40.7087901,-74.0012998,2800187
40.7271959,-73.9784875,1700000
40.7179593,-74.0006535,1000000
40.7223066,-73.9991051,2600000
40.721089,-74.00005399999999,1670000
40.7317184,-74.005376,540000
40.7281743,-73.9811675,1800000
40.716474,-74.008809,2575000
40.7385961,-73.98793719999999,1005381
40.7158065,-74.0118201,4250570
40.72649550000001,-73.99445899999999,26000000
40.7223789,-73.9967039,15500000
40.7187807,-73.9846979,380000
40.7317509,-73.9928642,1070365
40.723661,-74.0033436,6887278
40.7448789,-73.98363340000002,1765000
40.737495,-73.9947042,3396914
40.72224569999999,-73.9921986,11200000
40.721685,-73.983186,2495000
40.7389129,-73.98776,1976375
40.74414900000001,-73.998443,1014000
40.741447,-73.995734,1253666
40.751455,-73.9899499,14000000
40.7151804,-74.01099169999999,1291333
40.7341117,-74.00965839999999,10000000
40.7215925,-74.0025224,256795
40.7301684,-74.00594199999999,10200000
40.7107507,-73.987585,115000000
40.7264521,-73.9858807,1230000
40.7224011,-74.0096042,2698750
40.7347597,-74.0094823,1175000
40.7340408,-73.99372679999999,1650000
40.73636,-74.00399399999999,10500000
40.7393092,-73.994929,2527500
40.7160005,-74.0126088,4129625
40.738478,-74.006198,767750
40.7358032,-74.0026452,3255330
40.722569,-73.9841351,335000
40.738569,-74.006979,2272500
40.7234778,-74.0018591,6300000
40.730308,-73.981605,1551785
40.7228826,-74.0109887,4440000
40.718645,-73.98597699999999,1200000
40.7217305,-73.99806029999999,2597500
40.7224082,-74.007215,1525000
40.7352298,-74.0094951,10000000
40.7203576,-74.00828369999999,6712500
40.7476569,-73.991163,3496773
40.7108651,-74.0091127,1145000
40.733328,-73.99177519999999,1719482
40.7235962,-73.9987166,3000000
40.7358698,-73.9952026,605000
40.7455754,-74.00438,2750000
40.7265061,-73.9967084,3071666
40.73826529999999,-74.0036519,922300
40.742839,-73.9942954,1487500
40.71490379999999,-73.9851334,502800
40.7056884,-74.0071785,644500
40.726854,-74.00273779999999,1500000
40.727113,-74.00151199999999,610000
40.731915,-73.986666,507500
40.733975,-73.992395,522600
40.709807,-74.009486,1453750
40.72614129999999,-73.9922155,8242000
40.7134104,-74.0069091,21800000
40.753344,-73.997081,452000
40.7094986,-74.0086743,490000
40.7173065,-73.9980881,20500000
40.736115,-74.00644799999999,17750000
40.732828,-73.999341,4400000
40.745786,-74.002189,5550000
40.7054957,-74.01712880000001,3196250
40.7299052,-74.0071844,3271637
40.7086723,-74.0014353,5000000
40.7332141,-74.00962539999999,471300
40.7429923,-73.9915144,1700000
40.792425,-73.819587,67000000
40.7188603,-73.98313,27046250
40.7161348,-74.01021610000001,3459900
40.7240253,-73.97822339999999,698000
40.7413626,-74.0008665,958333
40.7407315,-73.9977581,2410000
40.719561,-74.008386,1000000
40.733353,-74.00669599999999,3510000
40.737362,-74.007532,552500
40.73546330000001,-73.9959813,2387500
40.7164323,-73.9909266,1895000
40.726942,-74.002419,2900000
40.7285861,-73.99881990000002,2100000
40.721241,-73.98718,4325000
40.72491300000001,-73.98207300000001,1480000
40.72231300000001,-73.99584399999999,12622218
40.740102,-73.996284,2060000
40.7468114,-74.0015324,1127890
40.731229,-73.991152,1862500
40.725139,-74.009006,2050000
40.7248251,-73.98104909999999,772500
40.6961722,-73.9800539,800000
40.7247393,-74.010409,2950000
40.7077056,-74.01388159999999,880917
40.7101506,-74.0055055,9800000
40.727299,-73.994225,675000
40.73599,-73.997523,1805000
40.72665,-73.991114,3060000
40.72908959999999,-73.9933917,2500000
40.7432532,-74.0012989,725000
40.7212958,-73.9982793,124500000
40.735568,-74.004504,832000
40.722944,-74.003942,13069734
40.7174362,-74.0030561,3050000
40.7203735,-73.9886406,9500000
40.718388,-73.986113,407500
40.7082859,-74.01494,2350000
40.8226324,-73.8113199,720000
40.748769,-73.98325299999999,931800
40.7410479,-73.9982423,17000000
40.749288,-73.994917,1945000
40.7315474,-73.9999539,3175000
40.73150649999999,-73.99215889999999,887500
40.71531590000001,-73.9990086,6700000
40.732065,-73.985721,2595000
40.72090490000001,-73.99506819999999,1130000
40.7241258,-74.0095103,1147505
40.736077,-74.0005709,4500000
40.731781,-74.0056166,850000
40.743389,-74.002138,857000
40.759011,-73.9844722,2500000
40.72217819999999,-74.0079812,2350000
40.736112,-74.002366,1100000
40.734146,-73.99450399999999,769799
40.746975,-74.00319,1820000
40.7521509,-73.99514429999999,48344050
40.7228482,-73.9820598,800265
40.7333678,-73.9958151,1313259
40.735232,-74.00403899999999,751000
40.73770409999999,-73.99398149999999,772500
40.7399548,-73.99564219999999,3774127
40.7380304,-73.98828689999999,5695000
40.7139383,-74.0075331,1475000
40.71846619999999,-73.9964632,888000
40.718017,-74.001786,3290000
40.7145778,-73.9799637,435000
40.7392618,-73.9922161,8500000
40.744042,-73.986201,2500000
40.7259475,-73.99241789999999,12000000
40.7329442,-73.9869488,1698333
40.727507,-73.987589,9900000
40.745864,-73.984954,5000000
40.736794,-73.99825899999999,9500000
40.72260259999999,-73.9777477,257980
40.754762,-73.996173,6700000
40.7304413,-73.989793,1235500
40.7373694,-74.0047368,2030700
40.7131221,-73.97819369999999,644750
40.745446,-73.98632599999999,19500000
40.7496521,-73.98581229999999,7500000
40.7295412,-73.9913066,3100000
40.7243678,-73.9985172,49000000
40.7155442,-74.00985849999999,2750000
40.716049,-74.007853,2312500
40.745014,-74.0018381,590500
40.7452371,-74.0056649,16150000
40.742565,-74.00104,6150000
40.746191,-74.0012519,1437500
40.7148452,-74.0082408,17000000
40.744726,-73.984156,2550000
40.7499589,-73.987122,365000000
40.7351764,-74.0093342,1594000
40.746942,-74.003112,2950000
40.723685,-74.002073,7200000
40.7093441,-74.016035,776501
40.728772,-73.97999999999999,840000
40.733278,-74.007256,5925000
40.747725,-73.981291,630190
40.7212824,-74.0011755,9630000
40.7337754,-73.9948247,1445000
40.71850269999999,-73.9832127,15736000
40.719143,-73.985792,2850000
40.718069,-74.009232,2663250
40.727856,-73.98099200000001,745000
40.7329752,-73.9953969,1525028
40.7491948,-73.9984542,885000
40.73206200000001,-73.983535,675000
40.7221902,-74.0021223,3850000
40.7168141,-73.9985404,1708946
40.739006,-74.006078,1150000
40.7405692,-74.00393199999999,335000
40.717182,-74.00259299999999,704168
40.747793,-73.9999232,90482
40.7225501,-73.9824324,1956250
40.7505691,-74.00369320000001,3200000
40.714568,-74.0093111,2900000
40.743547,-73.99775,830000
40.725692,-73.9875519,868337
40.7234098,-73.9778733,625000
40.7430718,-73.9848239,201500000
40.7404,-73.99143099999999,2085000
40.7103317,-74.0072303,3369734
40.7296117,-74.0017696,9750000
40.744829,-73.99471199999999,17700000
40.7238617,-74.00543379999999,17450000
40.7169688,-74.01059990000002,4000000
40.7217888,-74.0111321,6881875
40.7300792,-74.0013587,1500000
40.722463,-74.01109900000002,3962500
40.7193025,-73.99732279999999,87000000
40.721138,-73.99337299999999,1148250
40.71331,-73.993489,7100000
40.7260784,-73.9926516,11166375
40.718885,-74.003749,2170000
40.7503638,-73.9900041,355000000
40.7423656,-73.9989978,2095000
40.7469064,-73.99308769999999,928709
40.7223397,-73.9858438,1780000
40.73140799999999,-74.006992,30000000
40.7183216,-74.0102534,7000000
40.7476868,-74.0037054,809000
40.71902000000001,-73.994235,25000000
40.7228787,-74.0083025,901000
40.7127837,-74.0059413,1779840
40.739279,-73.9888,2100000
40.7374189,-74.0034569,995731
40.73405460000001,-73.9969732,14000000
40.725007,-73.983452,597000
40.7238441,-74.0033262,10350000
40.7076491,-74.01660749999999,725250
40.7356987,-74.0020278,1675000
40.7212854,-74.003827,6050000
40.7308566,-74.0022664,4500000
40.746947,-74.00385,2650000
40.735795,-73.99598499999999,1410000
40.749968,-73.99549499999999,9000000
40.734552,-73.992633,22000000
40.737426,-73.999748,15000000
40.7382555,-74.0059417,1302349
40.7259772,-73.99083759999999,1160000
40.7298118,-73.9896921,1875000
40.7088597,-74.0093857,1455000
40.6335989,-73.973713,320000
40.7207634,-73.9873657,29100000
40.7431395,-73.9969043,895000
40.72210949999999,-73.98218299999999,5700000
40.7109191,-74.0090678,805250
40.71824040000001,-74.0085368,2050000
40.71481800000001,-73.987759,925863
40.7202094,-73.9979778,1680000
40.749834,-73.980643,544500
40.7086136,-74.0146812,24445203
40.729127,-74.000496,476000
40.7429739,-73.994468,2085888
40.746761,-74.00029099999999,90526
40.7457232,-73.9853444,2043333
40.7438486,-74.0005424,1350000
40.714833,-73.9933889,545000
40.7240145,-73.9884385,1158750
40.7290629,-73.98384999999999,9937500
40.734612,-73.987573,500000
40.7335359,-73.99438380000001,4364500
40.723225,-73.997124,25000000
40.714417,-73.99254309999999,591088
40.7294608,-73.9802237,1250000
40.7455323,-73.9863459,15500000
40.7188266,-73.9874086,1349500
40.7288077,-73.9936276,2685000
40.7149035,-74.0093586,24500000
40.7267856,-73.9875974,28100000
40.7196116,-73.990573,2185000
40.733387,-74.005606,9100000
40.7196422,-74.0034488,2300000
40.7153516,-74.0067692,9000000
40.735181,-74.004361,1875000
40.7278747,-73.9891889,60000000
40.748696,-74.006062,1086579
40.711744,-73.99504,577254
40.7151925,-73.991502,3910000
40.7098729,-74.0066859,1259291
40.74715930000001,-73.9870336,40930000
40.7251339,-73.9945784,91500000
40.70677209999999,-74.00838089999999,614666
40.7191753,-74.004065,2250000
40.7388171,-74.0066129,765000
40.73437,-73.986999,647400
40.7409871,-74.0007492,463250
40.7050182,-74.0097718,611916
40.744107,-73.984602,5000000
40.723979,-73.989519,253500
40.7330902,-74.0095901,1525000
40.73551,-74.002186,805000
40.745468,-73.9933819,2125000
40.734961,-74.0067177,375000
40.7220293,-73.9977078,8500000
40.7533337,-74.0046194,9000000
40.7316379,-74.0051354,1150000
40.7269099,-74.001684,475000
40.7225094,-73.998885,2360000
40.7170272,-73.9989202,4668333
40.72048729999999,-74.0056738,5912500
40.721639,-74.010402,2796000
40.73092219999999,-73.9899878,6670000
40.7140391,-73.9932085,18750000
40.746485,-74.003925,16000000
40.7255488,-74.0007998,9500000
40.7501072,-73.9978829,1150000
40.7420861,-73.99819649999999,10
40.7360783,-74.0087017,1215000
40.7219047,-73.99652739999999,12350000
40.730678,-74.00627399999999,17000000
40.7310356,-74.0007849,2995000
40.73417999999999,-73.99784300000002,9040000
40.746906,-74.003742,3250000
40.742062,-74.002628,622500
40.7421269,-73.9962733,565000
40.7542671,-73.9977747,558785
40.7237889,-73.982541,6588183
40.7510105,-73.9822089,1465131
40.72864939999999,-73.9765603,425000
40.718221,-73.995657,6500000
40.7225492,-74.0023635,2913717
40.7127243,-73.9783003,810750
40.7324993,-73.9911042,1282000
40.7180223,-73.98508939999999,415000
40.7470965,-73.9911487,5000000
40.7355001,-74.00441579999999,598333
40.7304938,-73.9882272,647500
40.7163673,-73.9912551,8163101
40.7261195,-73.9927428,2500000
40.7377185,-74.00487609999999,4000000
43.0428569,-75.8679578,4506000
40.7211939,-73.994084,55000000
40.7439968,-73.9901172,2570000
40.727352,-74.00195800000002,790000
40.7433363,-73.9870495,4860000
40.728582,-73.97678499999999,430000
40.739798,-73.9880869,368250
40.731243,-73.987071,1250000
40.749226,-73.9856537,4750000
40.7348345,-74.0068019,400000
40.74574,-73.985433,8900000
40.7288194,-73.98774279999999,1842500
40.7558949,-73.99411979999999,690500
40.7090409,-74.01331669999999,664406
40.738063,-74.0086938,1075000
40.732806,-73.99555649999999,1350000
40.7558754,-73.9970524,2850000
40.74669189999999,-73.9836469,535500
40.7318175,-74.0055768,533075
40.73002719999999,-74.0013618,1250000
40.7486956,-73.9977399,88336
40.71386340000001,-74.00839669999999,2400000
40.7476159,-74.0057564,2740000
40.721552,-73.98510999999999,16500000
40.731068,-73.9884998,12499500
40.748427,-73.995903,1996166
40.73132349999999,-74.009608,898667
40.738596,-74.00497399999999,6250000
40.738569,-74.007441,456666
40.7138949,-73.9789042,593500
40.7224486,-73.999578,284235000
40.7246329,-74.0025787,7000000
40.7293553,-74.0036288,604250
40.744964,-73.98561699999999,1822800
40.7053263,-74.01027239999999,1540324
40.725716,-73.998069,1930000
40.7493272,-73.980306,721250
40.72429,-73.9996139,32250000
40.724524,-73.979336,480000
40.7248114,-73.9906658,29000000
40.747844,-74.00189,314000
40.7464097,-73.9925949,2100000
40.7205377,-74.00939919999999,5910000
40.742292,-74.001353,4720000
40.713929,-73.998209,470000
40.748477,-74.00263799999999,8500000
40.7525717,-73.9879029,310000000
40.7259692,-73.99977369999999,2455000
40.742706,-73.998786,1775000
40.6826407,-73.9790586,695000
40.7340112,-73.9916569,3250000
40.60261939999999,-73.9650911,1998750
40.7309933,-74.01010840000001,3275000
40.732719,-73.98659099999999,5706666
40.7251304,-73.9790407,2800000
40.7283603,-74.0040432,10
40.730953,-73.985168,1705000
40.74791,-74.00204699999999,880000
40.7383219,-74.00461899999999,882000
40.7366219,-74.00398799999999,18140000
40.722466,-74.000666,2850000
40.7242098,-73.9911924,134307
40.742419,-73.998926,1050000
40.721165,-73.988936,23750000
40.7189041,-74.0034931,3016666
40.7324137,-73.9898402,732583
40.7315089,-73.98665199999999,435000
40.7185326,-74.0096409,3000000
40.718234,-74.009725,2650000
40.7376449,-73.99547129999999,1670833
40.7238483,-73.99956279999999,5025000
42.1208265,-80.0884112,675000
40.7249015,-74.0090285,3950000
40.7247299,-74.0109296,2200000
40.71544799999999,-74.006489,3985068
40.740026,-74.004847,3681703
40.7334169,-73.99754089999999,2350000
40.7452726,-73.9872932,17350000
40.723465,-73.9780352,775000
40.726586,-73.9933848,4675000
40.73360599999999,-73.994871,1591000
40.729516,-73.9788428,6950000
40.717915,-74.0101959,1216250
40.732646,-73.9964679,27500000
40.721072,-73.98337099999999,701000
40.7372059,-73.9948282,3200000
40.70771149999999,-74.00334099999999,1611750
40.7238013,-73.993881,700000
40.7403108,-73.9921043,3475000
40.7344911,-74.0013663,5600000
40.732371,-73.992374,365000
40.719486,-74.008121,2255500
40.7191173,-74.0081585,5290000
40.727485,-73.989327,308833
40.738143,-74.001764,12126000
40.7310319,-74.0063273,925677
40.7187471,-74.0085304,2618408
40.7355251,-73.996195,4975000
40.7226976,-73.9966622,2612500
40.730809,-74.0077529,105000000
40.744087,-73.990329,13400000
40.7394618,-73.9925543,1414000
40.7356627,-73.99751169999999,22750000
40.72616960000001,-74.0013901,567400
40.722823,-74.00369200000002,24500000
40.7363919,-73.9980059,870333
40.6491275,-73.96200809999999,1095000
40.7277828,-74.0022351,400937
40.7399844,-73.99834469999999,635000
40.7411492,-73.99573699999999,2487500
40.7386235,-74.0032069,796944
40.7292352,-73.9911716,3825000
40.676613,-74.00376,2300000
40.744186,-73.9847939,25750000
40.7412651,-73.9937786,8150000
40.7149201,-73.9902729,1920000
40.7313293,-73.9868647,349500
40.745767,-73.9855,10000000
40.72798909999999,-74.0002311,320000
40.7253968,-73.9992499,17050000
40.7307164,-73.988681,25900000
40.7482619,-74.00709499999999,10000000
40.744884,-74.00089799999999,585000
40.7257,-73.99167299999999,1527375
40.73833,-74.0086063,2245000
40.7298549,-73.98176,4750000
40.740135,-73.9989945,774847
40.73580889999999,-73.9925476,864058
40.7401952,-74.0018443,7000000
40.746771,-74.002703,2025000
40.7319428,-74.0040386,5550000
40.7378387,-73.9959337,1214500
40.749438,-73.9976621,98573
40.7328546,-74.0024529,660100
40.721056,-74.00256999999999,4122500
40.7148434,-74.0062724,1694000
40.7392105,-74.00052,436500
40.746428,-74.000044,71818
40.7195214,-74.0032397,2400000
40.734115,-73.995817,1300000
40.7443684,-74.002595,675000
40.7231174,-73.99427419999999,14600000
