40.7679414,-73.9313427,700000
40.7514287,-73.7366206,280000
40.766476,-73.869036,440000
40.5785801,-73.85051299999999,320000
40.76295229999999,-73.9329924,339858
40.745679,-73.773089,745000
40.758343,-73.866074,660000
40.784476,-73.777171,1200000
40.59182089999999,-73.79899329999999,254000
40.79457800000001,-73.797827,367928
40.575134,-73.8465028,407300
40.785499,-73.828313,840000
40.751827,-73.771939,678000
40.692638,-73.733034,200000
40.694491,-73.741789,355000
40.6630031,-73.96240460000001,784052
40.777544,-73.844961,728000
40.758438,-73.77878299999999,680000
40.746676,-73.880714,280000
40.769675,-73.90016299999999,10
40.760022,-73.929864,926500
40.770297,-73.76578599999999,750000
40.764337,-73.7781059,780000
40.746538,-73.880417,699000
40.760805,-73.9071979,849000
40.765611,-73.92200199999999,1525000
40.7760744,-73.9328499,2200000
40.777102,-73.90901699999999,6350000
40.7008339,-73.7432989,182000
40.692777,-73.73455799999999,250000
40.771187,-73.9322959,1180000
40.7570368,-73.8564822,92000
40.747879,-73.7663029,832000
40.7482191,-73.85446879999999,700000
40.758638,-73.857289,350000
40.792395,-73.805813,638600
40.767404,-73.78743399999999,545000
40.7639,-73.770297,2500000
40.79215300000001,-73.80690299999999,815000
40.7626928,-73.767377,555000
40.7785702,-73.7840032,629000
40.5919805,-73.7990098,475000
40.7691997,-73.9344564,302417
40.77844049999999,-73.7804294,481881
40.7665647,-73.9240583,412500
40.76673,-73.78410199999999,700000
40.7747314,-73.96537339999999,600000
40.762217,-73.78317600000001,635000
40.7509749,-73.760324,700000
40.766276,-73.76527,440000
40.763812,-73.920878,3600000
40.580701,-73.8507164,537500
40.5877883,-73.8004354,813581
40.7562244,-73.733254,133000
40.788159,-73.799041,1165000
40.75859,-73.85767,532000
40.73115300000001,-73.713827,515000
40.6393289,-74.08028399999999,240000
40.5886589,-73.7948184,714302
40.5935434,-73.79983279999999,536892
40.7508661,-73.7365279,290000
40.758242,-73.925849,735000
40.768095,-73.912285,374166
40.760359,-73.842989,500000
40.76395,-73.76784,1250000
40.737963,-73.855228,350000
40.7572897,-73.7657447,187500
40.5946112,-73.7737695,365000
40.793152,-73.796589,232500
40.758283,-73.90883199999999,975000
40.594517,-73.792755,155000
40.5888523,-73.8025634,580000
40.5966215,-73.7766808,17000
40.745212,-73.86470899999999,465000
40.7845412,-73.7767724,308400
40.7796309,-73.7917993,249000
40.728192,-73.729221,465000
40.753699,-73.765671,850000
40.776437,-73.912544,999500
40.752443,-73.77929499999999,855000
40.744361,-73.8719309,669300
40.7537405,-73.74169619999999,540000
40.7802409,-73.908399,712500
40.75372300000001,-73.861113,580000
40.7392259,-73.85029209999999,260000
40.7654347,-73.92520379999999,5250000
40.769494,-73.87580000000001,18000000
40.7699995,-73.9087195,335259
40.5987191,-73.7768873,50000
40.781834,-73.916923,700000
40.6126111,-73.8209998,5000
40.763087,-73.738463,1160000
40.771414,-73.928012,1430000
40.726391,-73.723249,447000
40.759988,-73.907888,1650000
40.59385580000001,-73.8007907,287000
40.5936414,-73.7950512,255640
40.5762065,-73.8550405,535000
40.785847,-73.7823465,220000
40.748636,-73.770805,580000
40.756958,-73.749319,846000
40.767345,-73.913583,566233
40.7770677,-73.7872173,120000
40.785311,-73.782971,10
40.7568709,-73.7699559,570000
40.744968,-73.862674,770000
40.766196,-73.868768,558000
40.692754,-73.73659700000002,100
40.7673429,-73.93427299999999,685000
40.736203,-73.872107,2000000
40.778398,-73.914383,1138000
40.78241999999999,-73.774292,1100000
40.7718664,-73.9213365,430000
40.597308,-73.79918599999999,1
40.760731,-73.913471,1650000
40.5917216,-73.79137209999999,631315
40.577442,-73.852503,765000
40.787771,-73.7872639,560000
40.759716,-73.86722200000001,4270
40.5713741,-73.855169,1500000
40.755118,-73.771208,780000
40.737551,-73.8589496,80000
40.7509153,-73.7742109,660000
40.76814299999999,-73.8720249,621805
40.764695,-73.76324600000001,1150000
40.7558797,-73.7651735,145000
40.7798779,-73.9096239,690000
40.74478,-73.8748169,1440000
40.743264,-73.854354,805000
40.5789799,-73.8507005,630000
40.771379,-73.900725,522500
40.795134,-73.799261,477582
40.7847512,-73.7796578,285000
40.774759,-73.925472,550000
40.7647197,-73.93176749999999,3037521
40.764519,-73.783288,765000
40.7751202,-73.90878649999999,295000
40.7585845,-73.9159935,410000
40.7116789,-73.81348,91568
40.7509866,-73.73654739999999,398888
40.77199,-73.911997,835000
40.7594009,-73.76499690000001,950000
40.76216,-73.77990199999999,680000
40.7486739,-73.85720239999999,830000
40.7804239,-73.750708,870000
40.7855716,-73.7808218,195000
40.752579,-73.750518,982800
40.791685,-73.797085,257000
40.780406,-73.913313,979847
40.772377,-73.92247809999999,314500
40.75035099999999,-73.778312,10
40.759575,-73.86959999999999,700000
40.7863801,-73.7855302,622500
40.77776900000001,-73.77825399999999,750000
40.5954738,-73.7783608,450000
40.76359799999999,-73.927492,356000
40.7858402,-73.7824725,232000
40.7680689,-73.7621272,1527375
40.750131,-73.77820899999999,438000
40.746804,-73.775009,607700
40.788464,-73.806142,733000
40.736917,-73.870547,660000
40.790968,-73.805948,650000
40.740806,-73.8562649,450000
40.791094,-73.847872,775000
40.760849,-73.759209,366403
40.7564575,-73.86461589999999,3568000
40.5780237,-73.85116870000002,418000
40.765813,-73.864571,435000
40.747278,-73.76566,825000
40.7933639,-73.79913599999999,280000
40.760739,-73.87322499999999,2500000
40.77700309999999,-73.9075864,262000
40.5982457,-73.7945537,239000
40.77538,-73.749735,1250000
40.769324,-73.8732349,528500
40.7467,-73.774959,200000
40.786516,-73.78544699999999,450000
40.7576399,-73.77855149999999,2600000
40.792418,-73.84470499999999,640000
40.5874899,-73.7981095,840000
40.774865,-73.9371199,18900000
40.795949,-73.8057121,595000
40.78215,-73.79256749999999,250000
40.7812495,-73.77443819999999,291666
40.7580389,-73.86236800000002,1180000
40.7686496,-73.9179521,760000
40.5969993,-73.7985881,220000
40.75486,-73.86075,760000
40.75842799999999,-73.87218299999999,450000
40.7780119,-73.750557,1325000
40.6250827,-73.977177,578000
40.7705126,-73.9326574,765000
40.756881,-73.765795,156000
40.771136,-73.900528,730000
40.75727819999999,-73.7334375,170000
40.756604,-73.73033099999999,750000
40.7568724,-73.7643997,145000
40.748862,-73.76845,900000
40.7797116,-73.91855079999999,665000
40.764375,-73.7717009,3800000
40.78249599999999,-73.77396499999999,999999
40.58033349999999,-73.8504992,375000
40.766073,-73.873221,510000
40.752903,-73.770566,703000
40.5941118,-73.7963369,180000
40.580862,-73.84733500000002,580000
40.60852,-73.8165719,270000
40.783017,-73.783059,916425
40.7566,-73.77544999999999,600000
40.746123,-73.770613,565000
40.739445,-73.851789,800000
40.769218,-73.87229500000001,960000
40.787925,-73.802898,990500
40.769931,-73.786711,565000
40.729617,-73.7150939,575000
40.76953700000001,-73.77564699999999,487500
40.76826399999999,-73.783844,900000
40.759595,-73.866745,270000
40.755723,-73.859742,466440
40.7131264,-73.81938,265000
40.768585,-73.7631679,1180000
40.60833299999999,-73.81821099999999,315000
40.7456098,-73.7332745,606332
40.7371991,-73.858913,155000
40.7968396,-73.813687,615000
40.787774,-73.7786069,980000
40.738442,-73.86426399999999,450000
40.5910473,-73.8014216,131000
40.774924,-73.920869,10
40.772035,-73.909126,1050000
40.763084,-73.870834,380000
40.762065,-73.737804,815000
40.756148,-73.751869,910000
40.5733135,-73.85235999999999,675000
40.7767726,-73.9361346,58000000
40.75712,-73.867693,650000
40.7945375,-73.7965346,490000
40.786525,-73.77908599999999,880000
40.770097,-73.901836,350005
40.7559571,-73.73295949999999,148500
40.773362,-73.90982,890000
40.788131,-73.8420639,578000
40.575671,-73.8537475,596000
40.77052,-73.79044999999999,335000
40.5959747,-73.7766161,60000
40.75784,-73.750062,1399000
40.76738599999999,-73.789971,899000
40.775313,-73.925827,957000
40.765791,-73.875537,485000
40.786571,-73.77656999999999,1060000
40.772637,-73.90138499999999,897000
40.793109,-73.7960219,332500
40.781884,-73.78242,186500
40.74959,-73.778331,705000
40.6630885,-73.9624791,712775
40.750653,-73.759179,735000
40.778098,-73.7839599,620000
40.7475794,-73.72956119999999,989000
40.588362,-73.80097649999999,685000
40.7649928,-73.7864347,150000
40.75452,-73.869277,810000
40.7625244,-73.9303942,184800
40.7477007,-73.7726689,565000
40.774893,-73.901271,1150000
40.7511439,-73.855367,1140000
40.693424,-73.73159199999999,380000
40.59884599999999,-73.796425,75000
40.7884781,-73.7825859,252000
40.7527741,-73.7368442,196666
40.7107165,-73.8160068,2800000
40.759097,-73.86152299999999,280000
40.6004667,-73.7754741,289000
40.7369504,-73.8590284,90000
40.752686,-73.854294,685000
40.747252,-73.865877,635000
40.5787321,-73.8467371,510000
40.764188,-73.77022199999999,1160000
40.758904,-73.767612,680000
40.765611,-73.874982,715000
40.754903,-73.7716389,520000
40.739086,-73.722996,725000
40.769818,-73.784635,533000
40.744539,-73.774925,35000
40.8630532,-73.917553,645000
40.762411,-73.9322335,284582
40.781214,-73.79379759999999,186000
40.769357,-73.9286319,1287500
40.7554121,-73.7718723,110000
40.7560659,-73.762761,785000
40.76516000000001,-73.923148,7000000
40.752229,-73.770051,860000
40.7425489,-73.85696399999999,293000
40.747731,-73.77137499999999,592000
40.769385,-73.932507,962000
40.7775688,-73.7807696,399000
40.752341,-73.866368,860000
40.778459,-73.896095,191250
40.765985,-73.771309,648000
40.790021,-73.802257,860000
40.709057,-73.816851,674000
40.752918,-73.771456,732000
40.73401,-73.894364,674000
40.7594769,-73.908969,690000
40.70953240000001,-73.8176555,215000
40.74318299999999,-73.88869199999999,880000
40.748399,-73.771304,520000
40.750529,-73.77232099999999,565000
40.759105,-73.865629,275000
40.79457,-73.800797,173300
40.751264,-73.85782300000001,1
40.745313,-73.86494499999999,580000
40.7708798,-73.9161713,125653
40.773103,-73.7782,1560000
40.791758,-73.796695,273750
40.5964408,-74.0642324,784052
40.78481,-73.853527,710000
40.7557058,-73.8594829,850000
40.5713632,-74.1201087,760000
40.784131,-73.785449,1170000
40.6010702,-73.7753929,153000
40.751744,-73.772937,440000
40.7802504,-73.9078078,1250000
40.747221,-73.768074,770000
40.7669315,-73.7822917,225000
40.695471,-73.73154,386000
40.779946,-73.909544,749000
40.755688,-73.77324,855800
40.7758735,-73.9098182,1500000
40.752228,-73.771202,964000
40.7528342,-73.7368541,312000
40.758714,-73.861783,740000
40.5960729,-73.7921159,788871
40.572254,-73.856256,590000
40.7652069,-73.90529699999999,2300000
40.7658831,-73.78254350000002,178000
40.774768,-73.772691,1250000
40.7788086,-73.78344369999999,585000
40.758772,-73.864542,340000
40.7559328,-73.731774,185000
40.7721768,-73.914126,925000
40.755858,-73.763757,820000
40.7599189,-73.77657599999999,640000
40.7516589,-73.859604,2369575
40.7693032,-73.9278909,930000
40.713372,-73.8163053,168000
40.6630495,-73.9625235,712775
40.768126,-73.783626,590000
40.75068900000001,-73.776726,820000
40.739154,-73.86777099999999,620000
40.5908551,-73.79126819999999,631315
40.77769,-73.91336799999999,1100000
40.7117455,-73.81741730000002,132000
40.7565701,-73.7652708,135000
40.7790638,-73.7840476,560000
40.767187,-73.765874,815000
40.793767,-73.799052,225000
40.713024,-73.822992,142000
40.793988,-73.802363,415000
40.768543,-73.7900499,560000
40.7609319,-73.86493,320000
40.79446799999999,-73.795737,405000
40.7818406,-73.8466366,1180000
40.76439,-73.766412,600000
40.738356,-73.852913,226000
40.7607069,-73.909081,687500
40.754815,-73.774754,550000
40.793259,-73.797882,271500
40.751053,-73.779022,730000
40.75416999999999,-73.74890100000002,888104
40.740513,-73.855936,675000
40.792042,-73.843857,760000
40.7687386,-73.9178809,735000
40.7535628,-73.8638289,900000
40.753301,-73.755121,10
40.7275909,-73.7284619,410000
40.7695307,-73.7710841,700000
40.757668,-73.7341117,172000
40.749179,-73.761462,780000
40.5969829,-73.77960829999999,124000
40.766167,-73.876548,452500
40.7674349,-73.93529269999999,39650000
40.77995689999999,-73.7923599,250000
40.7580079,-73.9145829,855000
40.766825,-73.874624,520000
40.712356,-73.81068100000002,700000
40.5973624,-73.7985849,360000
40.597001,-73.799716,175000
40.7204359,-73.9074321,1580000
40.765928,-73.788691,603000
40.5911215,-73.7913001,631315
40.7745291,-73.89800149999999,15500000
40.76654800000001,-73.91314600000001,1500000
40.61328109999999,-74.0872559,940000
40.691608,-73.745593,122914
40.712658,-73.81510399999999,125000
40.8398805,-73.84315749999999,743322
40.782407,-73.774402,975000
40.739376,-73.85249999999999,625000
40.6464519,-73.9743945,749000
40.7533748,-73.7803198,962000
40.7784679,-73.7839875,590000
40.7448784,-73.8640042,300000
40.749743,-73.778404,640000
40.792005,-73.798446,241666
40.769279,-73.9270357,596000
40.766991,-73.876339,820000
40.75639899999999,-73.78183899999999,850000
40.7463679,-73.85557399999999,680000
40.792885,-73.80128400000001,1030000
40.7626097,-73.9310271,255000
40.5923241,-73.7838191,600000
40.762876,-73.916532,1200000
40.57943849999999,-73.8489129,24000
40.785664,-73.836615,499990
40.7657049,-73.7885639,565000
40.7604016,-73.8432187,266328
40.694792,-73.7375969,431000
40.746147,-73.853742,1150000
40.7806756,-73.79200999999999,129000
40.59619989999999,-73.7964083,343516
40.736244,-73.872037,390000
40.7857962,-73.8518319,556000
40.7376859,-73.870227,500000
40.7751378,-73.9280897,3450000
40.794814,-73.801962,550000
40.752708,-73.769476,640000
40.7971755,-73.8145507,745000
40.747265,-73.771154,590000
40.7127837,-74.0059413,334055
40.760664,-73.860809,113333
40.59712990000001,-73.7976662,230250
40.713015,-73.810254,720000
40.760052,-73.8663849,900000
40.596281,-73.774968,80000
40.771558,-73.7509893,297000
40.762031,-73.9313896,234381
40.7559046,-73.7649962,225000
40.78702029999999,-73.803533,1100000
40.75897,-73.7515899,765000
40.76103699999999,-73.769373,4500000
40.774736,-73.77637299999999,800000
40.7815625,-73.9130504,367500
40.753026,-73.859602,400000
40.748187,-73.854609,425000
40.73132400000001,-73.71385699999999,460000
40.766172,-73.86761,569000
40.765691,-73.7823489,156000
40.7563201,-73.7645738,224228
40.5969437,-73.7757506,350000
40.600386,-73.824213,409500
40.7320149,-73.723804,355000
40.75326039999999,-73.7785975,1
40.764765,-73.876306,470000
40.589424,-73.804176,507500
40.7293809,-73.7287769,432000
40.74457,-73.863542,545000
40.758939,-73.864572,741210
40.759395,-73.90723899999999,680000
40.767073,-73.76790799999999,618800
40.697072,-73.73434,400000
40.772457,-73.899418,308700
40.775546,-73.92719199999999,998000
40.765528,-73.874951,735000
40.767814,-73.91251199999999,414472
40.764186,-73.77195999999999,999000
40.58132639999999,-73.84802309999999,785000
40.76068,-73.761802,770000
40.5914317,-73.7904571,410000
40.769351,-73.926046,11650000
40.788182,-73.8010737,950000
40.76327510000001,-73.93407300000001,431666
40.76583,-73.773844,991000
40.5778322,-73.84601649999999,120750
40.786344,-73.7847852,620000
40.7501289,-73.76732679999999,825000
40.7595192,-73.92215639999999,1100000
40.7761046,-73.9085181,277000
40.7142202,-73.81441319999999,390000
40.771929,-73.9295379,700000
40.777265,-73.920245,789000
40.769641,-73.778549,800000
40.5739995,-73.8486973,940000
40.774983,-73.792592,532000
40.710667,-73.816525,147500
40.767063,-73.87094499999999,670000
40.76216,-73.861908,591000
40.747373,-73.871087,690000
40.78854,-73.8394,200000
40.7467202,-73.92650619999999,441645
40.7671897,-73.7740822,189000
40.7691019,-73.76967499999999,527000
40.7564992,-73.7328135,194000
40.7941414,-73.8458304,608000
40.7419,-73.87400699999999,700000
40.747559,-73.773974,963000
40.773196,-73.903336,930000
40.5756557,-73.84358650000001,260000
40.7772364,-73.7927303,136000
40.697821,-73.731933,38532
40.712935,-73.812133,760000
40.723719,-73.98858899999999,130000
40.76587,-73.86845,555000
40.7754819,-73.77130600000001,1100000
40.78855739999999,-73.8463131,875000
40.7837942,-73.78073239999999,355000
40.760452,-73.781713,210000
40.7590844,-73.733665,163000
40.7864829,-73.851652,789000
40.7823447,-73.7804285,290000
40.73857599999999,-73.86099999999999,215000
40.7615679,-73.870549,520000
40.755301,-73.85788699999999,570000
40.74872999999999,-73.85833199999999,1170000
40.746974,-73.86425799999999,850000
40.7815244,-73.7772411,216750
40.7110289,-73.8140253,180000
40.760299,-73.86642499999999,610990
40.77615979999999,-73.9075162,222000
40.765409,-73.768243,759000
40.712649,-73.741683,210000
40.5951195,-73.7745635,128250
40.7878306,-73.7848101,580000
40.7566139,-73.75511589999999,500
40.600141,-73.821404,200000
40.767259,-73.90966399999999,885000
40.746154,-73.77569199999999,838000
40.786679,-73.779202,1210000
40.7610389,-73.73715399999999,985000
40.7412961,-73.8616622,235000
40.759482,-73.923727,800000
40.7624971,-73.9327163,266328
40.7874187,-73.8499266,540000
40.760684,-73.742942,815000
40.776311,-73.7737439,1200000
40.8050098,-73.9468278,568000
40.768351,-73.912071,335000
40.777734,-73.840436,615000
40.748252,-73.85833099999999,1267207
40.766709,-73.770555,1
40.762797,-73.7767609,154250
40.782794,-73.777135,975000
40.7555403,-73.7323615,134000
40.751786,-73.755172,889000
40.7740125,-73.84784549999999,643000
40.5890361,-73.8042534,537000
40.767555,-73.875344,565000
40.7476124,-73.7726267,656000
40.5939798,-73.7737066,210000
40.768522,-73.774799,700000
40.7629852,-73.86846919999999,690000
40.80501539999999,-73.9468409,523000
40.732432,-73.71274,450000
40.789557,-73.802857,1300000
40.7680239,-73.869722,535000
40.760499,-73.771725,1200000
40.76353,-73.917802,387500
40.758322,-73.732455,790000
40.75271499999999,-73.869097,343500
40.759306,-73.87141299999999,451000
40.73513800000001,-73.724356,420000
40.691284,-73.736352,310000
40.777426,-73.77781399999999,820000
40.758636,-73.767623,658000
40.70076,-73.740836,1
40.740984,-73.85860199999999,970000
40.76253699999999,-73.761949,865000
40.575796,-73.8429245,110000
40.7386049,-73.8605074,172450
40.7642219,-73.778673,699000
40.748256,-73.768557,910000
40.7751982,-73.9249801,1
40.750005,-73.771084,1
40.783708,-73.785226,1075000
40.70004,-73.7378729,271000
40.7840135,-73.781903,240000
40.778254,-73.7867053,390000
40.68651,-73.736203,225000
40.728503,-73.710949,222500
40.76127899999999,-73.92890899999999,680000
40.7126342,-73.8194141,258000
40.7837108,-73.775711,355593
40.7548,-73.773584,998000
40.7337909,-73.89379199999999,570000
40.5902013,-73.79241019999999,648625
40.7935396,-73.8418338,690000
40.763742,-73.874027,555000
40.759621,-73.7604099,995000
40.74297900000001,-73.864245,385000
40.7540059,-73.749606,950000
40.7824079,-73.848348,407628
40.767999,-73.873564,505000
40.7777147,-73.8970345,2750000
40.7832738,-73.7789176,248500
40.7873935,-73.7879714,565000
40.763637,-73.772671,450000
40.760886,-73.910448,525000
40.767992,-73.78407299999999,439000
40.7494378,-73.8671141,4550000
40.80233260000001,-73.94436979999999,850238
40.7507285,-73.7365044,435000
40.766712,-73.871635,449000
40.793299,-73.842274,750000
40.75682130000001,-73.7370607,228000
40.7625559,-73.775688,920000
40.7652,-73.908061,950000
40.766573,-73.7839879,245000
40.7587098,-73.913844,198333
40.7603814,-73.92918209999999,1728000
40.74398,-73.86113,801000
40.7808698,-73.7836425,285000
40.760546,-73.764343,585000
40.758396,-73.864475,350000
40.768602,-73.8741639,790000
40.765224,-73.774529,885000
40.5971701,-73.7976701,375000
40.793664,-73.7978229,253192
40.76541900000001,-73.927077,268000
40.767863,-73.86912,520000
40.760667,-73.86833899999999,690000
40.786497,-73.842294,485000
40.756568,-73.92277299999999,2475000
40.750722,-73.864448,840000
40.7695823,-73.7527947,795000
40.7616064,-73.77094579999999,1802937
40.7652942,-73.7855185,205000
40.5880908,-73.80105139999999,605000
40.762016,-73.864283,500000
40.763969,-73.868854,415000
40.793302,-73.79839,267500
40.752635,-73.76611199999999,220000
40.7610342,-73.76257609999999,4080000
40.772778,-73.89455099999999,550000
40.778672,-73.78238499999999,1098000
40.751534,-73.752961,990000
40.725685,-73.86787700000001,620000
40.7919788,-73.8069893,10
40.5754749,-73.8436676,246000
40.763406,-73.93048999999999,538000
40.7555501,-73.7322952,230000
40.792163,-73.799266,293300
40.696022,-73.73125399999999,442500
40.741653,-73.86653799999999,839999
40.744252,-73.878022,768000
40.755784,-73.7698039,850000
40.775327,-73.842079,928000
40.74562299999999,-73.8539,980000
40.76879,-73.90383299999999,665000
40.760592,-73.86016500000001,210000
40.581517,-73.84681499999999,560000
40.77989100000001,-73.779686,10
40.7611599,-73.78004899999999,635500
40.662794,-73.9626376,804417
40.768169,-73.910737,1125000
40.760972,-73.7392969,1400000
40.736349,-73.858451,125000
40.57874169999999,-73.8483921,547500
40.742565,-73.876197,675000
40.76455199999999,-73.870109,600000
40.7817196,-73.7927169,186000
40.7593617,-73.8719916,650000
40.7563246,-73.737804,267000
40.767732,-73.7471618,303500
40.757847,-73.77472,738000
40.5960131,-73.7935364,203000
40.7496784,-73.7368163,415000
40.7916391,-73.7996514,293752
40.761066,-73.780388,750000
40.742543,-73.876255,685000
40.7752937,-73.9292859,638000
40.5904721,-73.7941179,865512
40.760381,-73.920362,1600000
40.764686,-73.864614,413400
40.7790165,-73.7925807,129000
40.7817225,-73.7813353,309750
40.6040321,-73.82149650000001,210000
40.7675973,-73.9061069,1125000
40.7806856,-73.78231819999999,205000
40.757437,-73.763425,688000
40.7485209,-73.765243,880000
40.761838,-73.86411199999999,600000
40.7847453,-73.7814753,240000
40.773972,-73.745419,950000
40.749669,-73.764169,750000
40.763357,-73.744445,1075000
40.79097,-73.80430199999999,740000
40.5921663,-73.7978986,156000
40.74657500000001,-73.887923,801000
40.728156,-73.729833,100
40.789798,-73.845832,976000
40.75467700000001,-73.765965,838000
40.790059,-73.80359,815000
40.752788,-73.86451199999999,1600000
40.773219,-73.773938,1250000
40.7568075,-73.87063239999999,1290000
40.777765,-73.78289099999999,800000
40.7547454,-73.860421,1320000
40.6629511,-73.9624638,781506
40.786156,-73.847599,1181170
40.7633912,-73.9345893,392000
40.7799956,-73.843592,1250000
40.7818875,-73.78254199999999,158800
40.76756049999999,-73.91274829999999,404586
40.696694,-73.735944,395000
40.794022,-73.801121,500000
40.78966399999999,-73.796702,1550000
40.785414,-73.855679,575000
40.7695402,-73.93479339999999,399200
40.7446879,-73.866507,321500
40.785946,-73.82744699999999,560000
40.727654,-73.730408,465000
40.5880661,-73.8014081,562000
40.75994499999999,-73.86923,450000
40.759422,-73.864221,600000
40.726352,-73.7229459,352000
40.695498,-73.740414,210000
40.755215,-73.91354799999999,1475000
40.749391,-73.778238,620000
40.7869475,-73.7810066,315000
40.773843,-73.911085,999000
40.766379,-73.870295,650000
40.7382215,-73.8580934,126000
40.76117,-73.76899399999999,510270
40.772272,-73.782864,790000
40.5746334,-73.8472349,749000
40.781528,-73.780001,216500
40.764516,-73.771776,2065000
40.6078467,-73.8183497,287885
40.7807015,-73.7917764,123000
40.7570425,-73.8564526,63000
40.74836,-73.7686049,915000
40.7865425,-73.8465202,970000
40.771502,-73.75048699999999,888888
40.7803847,-73.9077542,4160000
40.591577,-73.802065,210000
40.76042289999999,-73.7816441,256400
40.760879,-73.867836,758000
40.7791302,-73.7915063,123000
40.5902719,-73.7903501,273000
40.6628991,-73.96252299999999,794235
40.780794,-73.781898,167250
40.760861,-73.915666,1650000
40.7886022,-73.8529169,830000
40.751973,-73.73763199999999,638000
40.74322799999999,-73.865236,495000
40.750195,-73.854416,920000
40.7858506,-73.78013229999999,280000
40.7747474,-73.9139417,6950000
40.75097330000001,-73.73690409999999,850000
40.763864,-73.778485,425000
40.772559,-73.931516,1766750
40.5921821,-73.7922497,75000
40.7623657,-73.77165040000001,598000
40.787865,-73.787903,750000
40.6938483,-73.743083,975000
40.75853180000001,-73.7344974,215000
40.7872156,-73.7876034,920000
40.77002179999999,-73.908875,304527
40.7600244,-73.9133864,1600000
40.790435,-73.799363,700000
40.7456094,-73.7320051,520000
40.590925,-73.798255,315000
40.78191,-73.83977999999999,675000
40.744696,-73.860896,620000
40.758526,-73.861749,511843
40.698634,-73.73598,425000
40.7620257,-73.9314054,224400
40.760152,-73.868646,375000
40.753431,-73.773692,670000
40.766265,-73.876566,520000
40.75588279999999,-73.7651514,166333
40.765743,-73.8694529,650000
40.7898118,-73.79567569999999,1350000
40.732617,-73.719025,520000
40.745565,-73.86894099999999,715000
40.761735,-73.90712599999999,920000
40.709431,-73.81311199999999,625000
40.7831085,-73.79418679999999,161000
40.7790819,-73.7919289,195000
40.75007,-73.77756699999999,560000
40.776022,-73.78139700000001,895000
40.75850399999999,-73.8644939,450000
40.79357299999999,-73.7999339,676200
40.767263,-73.770118,790000
40.751575,-73.86751,245000
40.759257,-73.766496,710000
40.757991,-73.7340583,239000
40.75924,-73.85985699999999,460000
40.754922,-73.859968,525000
40.7575671,-73.73447449999999,165000
40.76545,-73.76729399999999,1350000
40.5727329,-73.85596799999999,700000
40.5972386,-73.7976769,10
40.699938,-73.73832,382500
40.765804,-73.908675,970000
40.78091999999999,-73.77389099999999,167583
40.765526,-73.78281199999999,685000
40.767333,-73.786321,550000
40.766717,-73.909627,850000
40.783297,-73.777491,995000
40.757984,-73.76601,139000
40.7339406,-73.7931912,250000
40.782319,-73.83927,475000
40.761027,-73.74344099999999,940000
40.7452921,-73.7330102,710500
40.7593419,-73.91391,1200000
40.9693563,-73.689217,610950
40.74129000000001,-73.868234,645000
40.58135830000001,-73.8480019,515000
40.770188,-73.932647,865000
40.7777003,-73.7931313,220000
40.7947779,-73.802272,400000
40.690812,-73.73558899999999,361000
40.778076,-73.917659,1017500
40.743134,-73.86357799999999,385000
40.773915,-73.774524,725000
40.7843812,-73.78211710000001,320000
40.7083889,-73.815044,440000
40.754933,-73.86934699999999,750000
40.730607,-73.711704,440000
40.758225,-73.780059,699000
40.75586,-73.7698379,100000
40.7791814,-73.7840463,552000
40.760224,-73.926008,875000
40.7436859,-73.881569,770000
40.77952370000001,-73.7810994,160000
40.7860462,-73.7855443,615000
40.7498583,-73.864415,960000
40.5988298,-73.7768985,235000
40.8150328,-73.84522369999999,200000
40.7813042,-73.7823144,176800
40.7875444,-73.7848545,650000
40.759804,-73.865827,1
40.766265,-73.76849899999999,415000
40.7578676,-73.7820218,690000
40.7652969,-73.7873539,1150000
40.762953,-73.742814,910000
40.77802700000001,-73.911878,977000
40.773689,-73.927527,354987
40.765413,-73.77063509999999,600000
40.7713295,-73.78680469999999,1240000
40.755135,-73.75243999999999,808000
40.598871,-73.79599600000002,308000
40.593123,-73.795633,900000
40.755575,-73.7323214,130000
40.729431,-73.72641,520000
40.783448,-73.839867,1
40.7516915,-73.73666399999999,293000
40.5754041,-73.84768059999999,700000
40.768717,-73.922034,572765
40.732632,-73.715734,500000
40.5748458,-73.8461453,735000
40.732068,-73.722049,500000
40.737946,-73.866035,700000
40.5935992,-73.77639359999999,1
40.784384,-73.7817869,250000
40.7824313,-73.7943327,272000
40.7757527,-73.9093608,1250000
40.747347,-73.8670629,200000
40.7875459,-73.7847764,560000
40.78762469999999,-73.786574,720000
40.792433,-73.802978,754000
40.766486,-73.904811,580000
40.790239,-73.805814,800000
40.78961899999999,-73.844414,915000
40.7877093,-73.78485429999999,621500
40.5718588,-73.8554545,800000
40.745972,-73.773613,675000
40.7504749,-73.73772029999999,640000
40.575244,-73.843791,798764
40.7660275,-73.7821069,179000
40.776596,-73.91649799999999,1280000
40.751285,-73.862126,730000
40.746529,-73.77686,610000
40.59655,-73.80106119999999,230000
40.775173,-73.907604,700000
40.774329,-73.79221799999999,605000
40.74482099999999,-73.85302,919000
40.5370977,-74.14377569999999,445000
40.792815,-73.799415,225000
40.759125,-73.909255,755000
40.786716,-73.796488,850000
40.735541,-73.714263,352000
40.742456,-73.891015,410000
40.7655821,-73.87504799999999,715000
40.791253,-73.800617,875000
40.5960477,-73.80099659999999,40000
40.587233,-73.80147199999999,525000
40.766933,-73.872446,630000
40.7716663,-73.9158243,1650000
40.7541977,-73.7511142,855000
40.578541,-73.847618,725000
40.77596399999999,-73.9088584,202000
40.7688569,-73.91459499999999,675000
40.7671494,-73.92579309999999,2200000
40.7682195,-73.7779575,220000
40.759926,-73.87334299999999,410000
40.5943415,-73.7933959,171000
40.760427,-73.93081699999999,710000
40.765792,-73.78699399999999,705000
40.735875,-73.718304,465000
40.7851059,-73.77665710000001,339000
40.770975,-73.9077348,550000
40.7685389,-73.769136,900000
40.7797864,-73.7832754,277000
40.7866983,-73.7854472,570000
40.73947,-73.851866,950000
40.754513,-73.777681,997885
40.764873,-73.763295,900000
40.76260449999999,-73.9317688,289188
40.7870499,-73.78564089999999,645000
40.7581539,-73.92357659999999,10
40.767787,-73.74747479999999,231250
40.78721669999999,-73.8401291,997885
40.7947808,-73.79850139999999,387250
40.76806029999999,-73.7621743,1518210
40.75902,-73.90934299999999,788000
40.7816825,-73.8213432,13900000
40.7815357,-73.84301169999999,625000
40.7678845,-73.9264401,5000
40.762653,-73.916713,462858
40.768268,-73.783248,560000
40.5931157,-73.7951898,170000
40.790012,-73.84434,900000
40.72858,-73.729077,505000
40.75921,-73.85778499999999,1200000
40.707969,-73.81514,375000
40.792475,-73.798137,93000
40.770459,-73.784965,990000
40.76141,-73.767106,870000
40.7621255,-73.8728727,500000
40.7375861,-73.8579574,99000
40.5765775,-73.8443102,544763
40.713363,-73.8163639,172000
40.7782488,-73.7481293,830000
40.7877975,-73.7812012,40000
40.760776,-73.771762,990000
40.769218,-73.77499,1250000
40.7652265,-73.7631201,1470000
40.777442,-73.769677,999000
40.603027,-73.8221499,205000
40.750028,-73.856545,860000
40.724831,-73.725143,370000
40.7579006,-73.7334145,180000
40.784256,-73.782783,980000
40.786891,-73.7789449,1090000
40.762107,-73.77987,646000
40.772148,-73.91180299999999,845000
40.7145306,-73.8227746,338000
40.778365,-73.7925216,169000
40.746127,-73.775296,932000
40.781365,-73.848033,490000
40.71185699999999,-73.813012,287000
40.776365,-73.8438199,795000
40.793587,-73.799365,262500
40.787609,-73.84223,850000
40.768265,-73.913253,860000
40.697769,-73.731336,230000
40.7657982,-73.782271,230000
40.7667874,-73.7739096,245000
40.761569,-73.763672,565000
40.74618,-73.867921,530000
40.735087,-73.892595,699000
40.776573,-73.77168999999999,850000
40.741463,-73.720349,435900
40.773584,-73.79239900000002,250000
40.754636,-73.775554,620000
40.766661,-73.913467,999500
40.783139,-73.784374,1270000
40.7760732,-73.9217923,770000
40.775194,-73.78689400000002,1115000
40.771181,-73.932486,947830
40.7665865,-73.7832378,165000
40.755347,-73.752948,860000
40.769622,-73.917507,3100000
40.747589,-73.730987,665000
40.763036,-73.75847399999999,995000
40.7584009,-73.76639039999999,545000
40.777937,-73.7820071,551210
40.708353,-73.815524,630000
40.6728428,-73.7322842,257000
40.5967557,-73.7775644,45000
40.738089,-73.855795,1210000
40.769097,-73.775564,375000
40.750297,-73.771225,764000
40.8911541,-73.9015782,210000
40.7856238,-73.7855477,483750
40.752284,-73.861817,380000
40.7798513,-73.8459185,967337
40.747641,-73.765216,758000
40.767255,-73.7667699,722958
40.774265,-73.79239299999999,599000
40.75259700000001,-73.767089,799000
40.7809038,-73.7928227,145000
40.7585988,-73.8730128,477000
40.764803,-73.9216129,585000
40.788086,-73.805649,885000
40.699622,-73.73607,210000
40.759944,-73.8634749,585000
40.5734814,-73.8554022,590000
40.757185,-73.757869,1130000
40.7639587,-73.77689649999999,870000
40.7519656,-73.7671858,760000
40.7807,-73.7920445,1486645
40.781298,-73.9149429,1270000
40.768235,-73.78685399999999,543000
40.750521,-73.865353,100000
40.706793,-73.81751799999999,1700000
40.754243,-73.860603,880000
40.788524,-73.850877,435000
40.764911,-73.86641399999999,585000
40.7519198,-73.7537341,1230000
40.762686,-73.765925,705000
40.7449883,-73.8612405,275000
40.759969,-73.86964499999999,747000
40.7906644,-73.85326169999999,417500
40.7697,-73.87331,773000
40.746597,-73.768841,715000
40.750623,-73.858124,5000000
40.688449,-73.74023,405000
40.787217,-73.787683,550000
40.7839535,-73.77969639999999,298000
40.6629251,-73.96249340000001,906242
40.5921602,-73.80015089999999,655000
40.762814,-73.866621,585000
40.7700535,-73.908434,600000
40.5973696,-73.79768969999999,360000
40.691832,-73.72999899999999,348000
40.7808341,-73.8458662,150000
40.750449,-73.86683099999999,10
40.7874149,-73.78798379999999,520000
40.7901064,-73.8521116,430000
40.763876,-73.7704399,1450000
40.779767,-73.908496,850000
40.5965982,-73.80340740000001,387038
40.7782397,-73.748355,195000
40.7777006,-73.91761269999999,605640
40.5887039,-73.79857750000001,645000
40.7586376,-73.7351382,215000
40.7804335,-73.79288079999999,128000
40.75380699999999,-73.853723,795000
40.697396,-73.729101,402800
40.755114,-73.779172,680000
40.7895998,-73.797116,815000
40.7460293,-73.94841280000001,500000
40.7780059,-73.7495849,1030000
40.727042,-73.726331,400000
40.6629771,-73.96243419999999,890968
40.7816333,-73.7762812,314625
40.5954669,-73.7712979,339000
40.767755,-73.87538099999999,510000
40.750691,-73.869602,510000
40.77347049999999,-73.906359,7000000
40.74239,-73.86007300000001,770000
40.5898141,-73.803764,585000
40.743494,-73.8640099,640000
40.5803885,-73.84555759999999,450000
40.7869219,-73.7852116,805000
40.7002463,-73.7413629,165000
40.7930299,-73.8440822,540000
40.782526,-73.84378300000002,709500
40.7580974,-73.7358996,223000
40.779913,-73.84297699999999,729000
40.766888,-73.74574299999999,200750
40.71200100000001,-73.8189271,252500
40.7579588,-73.8558633,110000
40.774935,-73.915638,375000
40.782767,-73.776355,995000
40.7583929,-73.7354934,175000
40.770142,-73.77618629999999,190000
40.7571299,-73.757104,980000
40.772621,-73.9303429,799000
40.794554,-73.801838,565000
40.763394,-73.76227899999999,915000
40.770776,-73.831036,220000
40.767473,-73.789408,508000
40.596805,-73.8030689,8500
40.7614009,-73.872756,973000
40.7632204,-73.9240169,444000
40.751048,-73.858582,475000
40.7603,-73.7800029,490000
40.7720709,-73.89843599999999,700000
40.694359,-73.73212099999999,385000
40.758169,-73.8683662,680000
40.7275838,-73.73135289999999,739000
40.78660500000001,-73.7832619,1193898
40.760912,-73.783405,700000
40.760204,-73.86582,130000
40.788051,-73.851714,350000
40.764102,-73.773921,910000
40.5939446,-73.79238169999999,390000
40.734765,-73.89538000000002,145000
40.767083,-73.874669,457500
40.767658,-73.764338,795918
40.7635803,-73.9282534,420625
40.791405,-73.79558,818000
40.72669399999999,-73.717981,445000
40.748145,-73.777616,738000
40.7578389,-73.8624316,415626
40.76645,-73.911467,1700000
40.6914749,-73.739327,338298
40.5922892,-73.8001889,824200
40.727575,-73.721643,460000
40.756364,-73.870532,787950
40.79360399999999,-73.797119,324000
40.7807206,-73.7918591,997885
40.758932,-73.783582,490000
40.7696789,-73.772159,3150000
40.791454,-73.7987213,345000
40.741653,-73.720417,390000
40.758552,-73.863587,350000
40.750761,-73.77550099999999,579000
40.76332050000001,-73.93260289999999,211482
40.760162,-73.7825919,888000
40.766494,-73.762243,1138000
40.738825,-73.726072,538000
40.7809659,-73.7790328,291130
40.7837371,-73.78173149999999,280000
40.600345,-73.820843,292000
40.748213,-73.869165,1400000
40.7533389,-73.738348,625000
40.5943242,-73.7982071,320000
40.7648015,-73.9346408,1000000
40.7416851,-73.86838209999999,595000
40.7738333,-73.90787329999999,3300000
40.74215700000001,-73.861704,840000
40.7489323,-73.8578217,283000
40.59764879999999,-73.77677229999999,1
40.7906282,-73.80166179999999,1450000
40.749789,-73.859933,900000
40.759043,-73.77208000000002,968000
40.763301,-73.762845,831500
40.757001,-73.864812,380000
40.771615,-73.78959,356000
40.779832,-73.847213,462500
40.762711,-73.862028,525000
40.765413,-73.916699,274000
40.762505,-73.7392069,773870
40.709217,-73.818562,5558026
40.5970995,-73.7757586,278850
40.7711619,-73.928156,1700000
40.777629,-73.78775399999999,799000
40.7578117,-73.7346469,210000
40.78236039999999,-73.7932861,171000
40.774304,-73.770788,935000
40.594521,-73.777012,69000
40.7133296,-73.8119236,136000
40.779195,-73.843068,750000
40.765388,-73.774225,805000
40.7559449,-73.775561,499000
40.743431,-73.866287,600000
40.5929021,-73.79515099999999,77000
40.5935155,-73.7982622,420000
40.793515,-73.795968,312330
40.7878233,-73.78100049999999,240000
40.7412096,-73.861358,380000
40.7666851,-73.7738158,160000
40.5961618,-73.77045009999999,261046
40.71406169999999,-73.81353659999999,133750
40.761461,-73.78468,970000
40.7646019,-73.87016799999999,229000
40.760399,-73.8654169,568000
40.759248,-73.87007899999999,506585
40.752187,-73.755089,730000
40.728305,-73.721993,385000
40.729142,-73.71111499999999,435000
40.754869,-73.77723399999999,718000
40.771064,-73.9210219,6000000
40.72828,-73.7157749,500000
40.750408,-73.768462,920000
40.7742571,-73.9152186,1430000
40.742882,-73.88849100000002,575000
40.755561,-73.86401599999999,225000
40.7750879,-73.783541,10
40.7630456,-73.9317264,270660
40.7654114,-73.7853059,210000
40.793338,-73.8045696,998000
40.7800658,-73.7916096,190000
40.748797,-73.855538,680000
40.7650689,-73.760854,575000
40.576943,-73.85230299999999,920000
40.7578556,-73.7339712,140500
40.5767395,-73.85530949999999,820000
40.5899291,-73.7909947,205000
40.7759349,-73.92700599999999,455000
40.743707,-73.85481,1725000
40.76562,-73.92796,1100000
40.5767574,-73.8561678,720000
40.78041899999999,-73.91458399999999,910000
40.778126,-73.909662,1165000
40.7838064,-73.7936574,190000
40.7599199,-73.8797175,397000
40.740116,-73.854666,970000
40.7634029,-73.92897599999999,850000
40.758109,-73.861318,816000
40.769782,-73.78102299999999,580000
40.70926,-73.81633599999999,171250
40.778818,-73.84911029999999,2825000
40.7921509,-73.795603,245000
40.7737539,-73.926441,695000
40.739396,-73.858002,537500
40.7373753,-73.8575015,160000
40.7545264,-73.76628459999999,765000
40.76455600000001,-73.766094,1150000
40.759071,-73.737858,798000
40.738963,-73.855853,670000
40.779238,-73.90144599999999,4650000
40.7536558,-73.74789729999999,890000
40.7375982,-73.85628630000001,159500
40.768075,-73.87265599999999,948500
40.7777138,-73.77986609999999,467500
40.738423,-73.856473,816000
40.742023,-73.858767,770000
40.788165,-73.80526800000001,875000
40.7850293,-73.7814053,330000
40.7783475,-73.7935444,249000
40.787517,-73.839822,730000
40.788311,-73.780199,1185000
40.603653,-73.821302,130000
40.791131,-73.79607299999999,995000
40.7009339,-73.740673,201000
40.776244,-73.904957,425000
40.7932306,-73.8463007,525000
40.765134,-73.876372,500000
40.7558639,-73.7652888,203490
40.7558798,-73.7307455,185000
40.74742,-73.774912,765000
40.736856,-73.72021699999999,500000
40.5748085,-73.8532563,540000
40.751632,-73.862304,1000000
40.729382,-73.712071,440000
40.7893069,-73.838433,635000
40.794013,-73.84643369999999,445000
40.761744,-73.782696,600000
40.76569,-73.875026,660000
40.5985061,-73.775074,110000
40.74271,-73.874161,700000
40.780927,-73.791881,1191352
40.75912,-73.783675,210000
40.725147,-73.722555,6000000
40.715189,-73.811249,800000
40.742109,-73.886505,530000
40.7858697,-73.78500749999999,602444
40.731193,-73.718555,620000
40.761842,-73.770788,1739062
40.756647,-73.76503199999999,162000
40.5774123,-73.8443423,525417
40.7096088,-73.816529,185000
40.7699514,-73.9099568,1100000
40.5931234,-73.77532939999999,1
40.7459115,-73.7718098,555000
40.7760224,-73.9291566,450350
40.5954855,-73.7790565,390000
40.77802700000001,-73.841329,400000
40.6121614,-73.8192756,139425
40.602705,-73.82048,338000
40.78388899999999,-73.838095,1890
40.7790279,-73.914329,950000
40.712287,-73.81702899999999,140000
40.75447399999999,-73.78049,808000
40.7665995,-73.7838977,280000
40.5968457,-73.7790591,157000
40.767556,-73.770793,1418000
40.777668,-73.910207,10
40.7843012,-73.77619620000002,364074
40.753241,-73.858603,740000
40.753034,-73.750327,630000
40.5776784,-73.8487006,275000
40.727134,-73.7178969,585000
40.57670160000001,-73.8453754,459332
40.7383469,-73.85947569999999,168300
40.697003,-73.728298,60000
40.5879581,-73.7947995,947786
40.731018,-73.72656099999999,940000
40.779269,-73.845776,693000
40.5972793,-73.7948742,247500
40.736233,-73.87249899999999,665000
40.766394,-73.766974,988000
40.753484,-73.861126,1450000
40.5947413,-73.7975408,390000
40.5793658,-73.84993779999999,320000
40.756452,-73.918052,400000
40.7391595,-73.8579261,1293177
40.74824,-73.77261,685000
40.7622255,-73.8622712,250000
40.766226,-73.909424,870000
40.7573482,-73.855609,104000
40.763952,-73.920761,3600000
40.735476,-73.719118,545000
40.7749843,-73.9089346,299000
40.7408774,-73.85255819999999,405000
40.79183,-73.796306,286145
40.7880208,-73.78154789999999,345500
40.7806068,-73.7766166,700000
40.766487,-73.873758,555000
40.736926,-73.8577614,140000
40.7624976,-73.7711662,415000
40.755122,-73.77208399999999,579000
40.7569921,-73.7350663,125000
40.7516298,-73.736654,290000
40.7824272,-73.7824426,280000
40.775429,-73.746833,650000
40.753859,-73.77449399999999,1100000
40.771122,-73.93110399999999,1700000
40.5890789,-73.7920922,712265
40.7927139,-73.798231,150000
40.5973756,-73.774979,86105
40.765586,-73.927891,1150000
40.7491636,-73.7761155,740000
40.777837,-73.91358199999999,875000
40.68687,-73.729578,478000
40.7864699,-73.7809922,312000
40.755088,-73.913651,3300000
40.766257,-73.9264744,499250
40.7767209,-73.9077662,240000
40.7633655,-73.9326189,266329
40.75744539999999,-73.765003,140750
40.5880496,-73.8015501,542500
40.7573859,-73.76242300000001,655000
40.711039,-73.809855,710000
40.746832,-73.88104299999999,400000
40.7656414,-73.7814736,172500
40.748059,-73.7715319,558000
40.740496,-73.874746,625000
40.755047,-73.77574,680000
40.76511,-73.767455,820000
40.768526,-73.784349,508000
40.773945,-73.91943599999999,550000
40.75292,-73.76762599999999,790000
40.5885683,-73.7907863,941881
40.776488,-73.92307799999999,855000
40.774691,-73.90820599999999,900000
40.792667,-73.798851,291250
40.772261,-73.788906,653000
40.777717,-73.9181009,175000
40.7439164,-73.8532913,918000
40.7882869,-73.84031399999999,850000
40.7602565,-73.7355767,805000
40.761056,-73.780002,740000
40.727502,-73.72458999999999,460000
40.745337,-73.854816,400000
40.759925,-73.742977,545000
40.740768,-73.886995,640000
40.7560817,-73.8674274,290000
40.76824999999999,-73.933506,600000
40.7644639,-73.8689069,530000
40.7467191,-73.9265064,380454
40.77581900000001,-73.93416599999999,1980000
40.754516,-73.751797,700000
40.734997,-73.71466,255000
40.7266087,-73.7157891,1200000
40.5983911,-73.7967644,240000
40.753237,-73.8661977,999999
40.75127510000001,-73.7791802,685000
40.741385,-73.88819099999999,272500
40.5952487,-73.7966558,280000
40.781987,-73.78359999999999,203333
40.763862,-73.748408,1000000
40.7411109,-73.857829,925000
40.789062,-73.79589,1125000
40.758586,-73.866117,595000
40.740387,-73.88800599999999,10
40.770572,-73.911124,780000
40.7565378,-73.9123309,820000
40.7833479,-73.784077,900000
40.60841,-73.81864399999999,95000
40.7565219,-73.73692210000002,148000
40.7799355,-73.7832068,219666
40.743679,-73.857373,960000
40.6971909,-73.737342,350000
40.7522134,-73.8595109,356500
40.79097,-73.843464,470000
40.7920043,-73.8019662,960000
40.784493,-73.850943,1300000
40.74930500000001,-73.778197,670000
40.7740361,-73.91237699999999,3600000
40.5942939,-73.7988917,415000
40.756802,-73.870679,998000
40.768934,-73.791012,680000
40.6630105,-73.9625678,705617
40.7637756,-73.9312207,825000
40.577245,-73.853368,700000
40.782335,-73.84653999999999,900000
40.75718699999999,-73.780012,500000
40.752657,-73.750551,950000
40.747362,-73.8711749,650000
40.6083416,-74.13715810000001,1420000
40.7602959,-73.779786,652500
40.77009940000001,-73.906812,211667
40.7848941,-73.85338899999999,545000
40.77835719999999,-73.8414585,650000
40.779305,-73.9108509,925000
40.7581879,-73.75513,800000
40.7700003,-73.909919,1100000
40.750223,-73.856889,995000
40.7580258,-73.7656855,170000
40.739586,-74.006692,300000
40.750934,-73.77350799999999,803000
40.743029,-73.894516,660000
40.7689841,-73.7401606,205833
40.576891,-73.85375599999999,210000
40.694531,-73.74313800000002,449000
40.748023,-73.867375,745000
40.7584019,-73.912494,675000
40.7879566,-73.78358750000001,780000
40.772567,-73.931429,3001092
40.776635,-73.774759,800000
40.752557,-73.754716,1100000
40.7925759,-73.79737899999999,235000
40.756523,-73.781373,1160000
40.755527,-73.7316347,135000
40.737877,-73.854806,800000
40.5937964,-73.7780214,332000
40.74302,-73.861454,700000
40.7636377,-73.7767246,1250000
40.74735,-73.855599,1800000
40.744732,-73.874702,720000
40.781357,-73.84204199999999,600000
40.752573,-73.738889,686000
40.757366,-73.860663,550000
40.7826707,-73.79419779999999,232000
40.766926,-73.92712999999999,527000
40.784547,-73.8474768,476580
40.77552,-73.847275,810000
40.75565,-73.77983900000001,790000
40.772348,-73.899554,360000
40.752488,-73.739747,635000
40.76018699999999,-73.866407,499000
40.5739134,-73.85340649999999,875000
40.7794422,-73.782763,292666
40.7801584,-73.7923086,222000
40.6727086,-73.7323564,10
40.7575012,-73.7666624,150000
40.764522,-73.874689,500000
40.7649929,-73.744463,245000
40.5748427,-73.84535799999999,668000
40.784256,-73.842422,558000
40.746629,-73.88438699999999,715000
40.7473347,-73.86705649999999,230000
40.76546099999999,-73.7676649,960000
40.5805438,-73.8534496,555000
40.759616,-73.862409,445000
40.7603806,-73.8296878,355000
40.7722414,-73.7342274,350000
40.75125600000001,-73.76745199999999,748000
40.7696789,-73.786976,588000
40.735489,-73.717783,685000
40.763275,-73.92465399999999,960000
40.7404,-73.717039,628000
40.5749321,-73.85623029999999,620000
40.7467183,-73.9265066,506245
40.7661,-73.932642,1950000
40.7669799,-73.874651,520000
40.781122,-73.847506,615000
40.752369,-73.755669,890000
40.764412,-73.8714619,450000
40.749152,-73.75947699999999,740000
40.7755088,-73.90921709999999,325000
40.757765,-73.871151,580000
40.743208,-73.868689,1200000
40.74953199999999,-73.76786,795000
40.763095,-73.7737609,210000
40.7935167,-73.8469252,480000
40.793707,-73.79832999999999,225000
40.7102897,-73.817253,168000
40.762423,-73.73915400000001,880000
40.730885,-73.723857,550000
40.7636647,-73.93498009999999,338750
40.686922,-73.735996,361702
40.786404,-73.7821689,180000
40.769298,-73.768766,450000
40.697367,-73.742312,325000
40.757438,-73.870075,900000
40.7906509,-73.84675399999999,570000
40.7371819,-73.85691229999999,118000
40.7248953,-73.9918409,146000
40.7859182,-73.779591,285000
40.5957121,-73.7774045,150000
40.754783,-73.85722799999999,675000
40.7571211,-73.7365961,160000
40.7544291,-73.76623339999999,790000
40.7900795,-73.85260290000001,427000
40.762292,-73.9221139,1650000
40.773504,-73.924216,775000
40.744136,-73.8633739,610000
40.777141,-73.9181009,800000
40.58934259999999,-73.7988752,659000
40.5973253,-73.7927715,214000
40.69179,-73.7450269,433000
40.767839,-73.774914,1223000
40.5912549,-73.7913161,641497
40.750808,-73.755984,990000
40.7408935,-73.858035,255044
40.750642,-73.8695709,700000
40.5791118,-73.8565871,630000
40.759168,-73.763015,950000
40.777596,-73.8413549,700000
40.7865991,-73.7798519,348000
40.5752542,-73.8571248,750000
40.7728309,-73.898462,437500
40.59843619999999,-73.7966215,220000
40.764845,-73.87427,490000
40.74815299999999,-73.730017,980000
40.753361,-73.773043,890000
40.5798509,-73.8542025,578273
40.7336298,-73.7254476,550000
40.751236,-73.8610379,353000
40.7859679,-73.780344,315000
40.75365,-73.854135,291000
40.765842,-73.74558999999999,182500
40.758401,-73.742087,980000
40.7570158,-73.7362991,148000
40.757799,-73.75363999999999,999995
40.788756,-73.84495,584000
40.739196,-73.854246,590000
40.7584779,-73.7637589,660000
40.692574,-73.743456,225000
40.775566,-73.7675189,975000
40.7710626,-73.9148958,10
