40.574882,-74.086237,211244
40.589924,-74.150831,380000
40.5749853,-74.08591799999999,259318
40.508003,-74.22407900000002,490000
40.564926,-74.183988,275000
40.6103902,-74.0890393,570000
40.55643329999999,-74.1312207,375000
40.640433,-74.10602800000001,499999
40.599052,-74.072979,790000
40.62585199999999,-74.160009,395460
40.56191099999999,-74.12970899999999,385000
40.573119,-74.128717,735000
40.599289,-74.084147,430000
40.554025,-74.161897,106000
40.5846197,-74.0978974,138700
40.53863399999999,-74.183038,590000
40.7081181,-74.0054435,157300
40.611807,-74.0668309,494832
40.5848401,-74.09787949999999,109000
40.637228,-74.134254,340000
40.7407603,-73.9837952,359000
40.537996,-74.17804799999999,490000
40.527444,-74.16730799999999,752500
40.558237,-74.197367,305000
40.604875,-74.13014299999999,340000
40.530703,-74.20045,630000
40.554652,-74.155396,540000
40.635821,-74.159887,170000
40.5563019,-74.1619834,195000
40.5901761,-74.09577399999999,189000
40.6189524,-74.10720479999999,127500
40.556967,-74.11446099999999,376246
40.6109067,-74.0685371,288000
40.617225,-74.128866,540000
40.636076,-74.165359,111643
40.5799594,-74.10896799999999,1530000
40.521166,-74.208851,328000
40.603883,-74.09369,570000
40.54693899999999,-74.14317799999999,150000
40.5610069,-74.14616,407500
40.523353,-74.201218,911333
40.560266,-74.151591,697000
40.63623399999999,-74.131058,269500
40.7024939,-73.9497532,292299
40.596165,-74.08675,505000
40.562144,-74.129428,325000
40.580449,-74.111171,390000
40.523592,-74.2116209,450000
40.540982,-74.15181,625000
40.536045,-74.156021,515000
40.7170346,-74.0028459,363000
40.619894,-74.0884294,740000
40.5800448,-74.13442169999999,690000
40.5417546,-74.1703251,61500
40.5842789,-74.0975297,107000
40.5802361,-74.1541888,268710
40.55958700000001,-74.157415,410000
40.547524,-74.153212,365950
40.56066,-74.18566299999999,443779
40.5129469,-74.2066249,799900
40.55586100000001,-74.19744200000001,334400
40.6300505,-74.13131039999999,236262
40.62506,-74.164665,487875
40.5787836,-74.0810753,348262
40.6200787,-74.1080064,735000
40.588434,-74.16052800000001,415000
40.5740828,-74.0971903,35000
40.73095199999999,-74.0067226,150000
40.54446,-74.15769399999999,400000
40.5607933,-74.1855331,270000
40.6189746,-74.094843,144000
40.640148,-74.131293,275000
40.640206,-74.08636299999999,318487
40.620315,-74.1587349,342000
40.525636,-74.210134,385000
40.629959,-74.16295099999999,175000
40.54343799999999,-74.195618,625000
40.57869,-74.10233,4150000
40.586712,-74.160634,424000
40.629942,-74.16211,254030
40.547835,-74.140593,372000
40.5925889,-74.09241,399500
40.631186,-74.1481869,280000
40.582835,-74.099666,418000
40.62789,-74.133476,320000
40.6112887,-74.0672858,200000
40.7358691,-74.00296039999999,570000
40.6876421,-73.9721671,320000
40.5634664,-74.1839124,230000
40.5545649,-74.194513,330000
40.57071,-74.108087,315000
40.547875,-74.192257,595650
40.562225,-74.18464,260000
40.62165,-74.129519,525000
40.6250979,-74.125382,440000
40.635914,-74.15348399999999,550000
40.55742000000001,-74.14813,390000
40.533656,-74.186883,400000
40.560512,-74.184751,278000
40.589838,-74.09910599999999,400000
40.58047000000001,-74.102372,510000
40.552191,-74.14152899999999,439600
40.5552319,-74.132582,490000
40.62975,-74.14806899999999,215000
40.5135239,-74.20528399999999,840000
40.538796,-74.1667779,512000
40.556726,-74.1976229,410000
40.5601291,-74.186464,175000
40.547689,-74.155603,290000
40.577217,-74.08160699999999,461371
40.5816693,-74.1580185,243333
40.58452339999999,-74.09739189999999,126000
40.5605848,-74.1261975,400000
40.6144,-74.080816,264000
40.548851,-74.143019,750000
40.580668,-74.09998,450000
40.565389,-74.13551,548000
40.5619806,-74.1867896,180000
40.5815343,-74.0985108,995000
40.6165019,-74.165131,190000
40.605746,-74.0951391,860000
40.633746,-74.140884,220000
40.5200109,-74.19578,475000
40.607338,-74.099667,927500
40.58542,-74.151873,260598
40.6166031,-74.1679412,425779
40.563508,-74.140787,340000
40.563195,-74.107084,275000
40.5988309,-74.12750199999999,373000
40.5516734,-74.15223619999999,635000
40.6266041,-74.11834449999999,380000
40.5484431,-74.158514,602500
40.64344,-74.089885,150000
40.564144,-74.11726999999999,533000
40.553316,-74.197255,285000
40.59679,-74.166872,458000
40.5368984,-74.14612110000002,175000
40.5525572,-74.1545663,271000
40.63871,-74.13504999999999,300000
40.609527,-74.070571,340000
40.604822,-74.11753,625000
40.548104,-74.145792,230000
40.5758264,-74.12634460000001,185000
40.843853,-73.8785406,365000
40.7103735,-74.01112350000001,190166
40.601836,-74.0869934,346000
40.5703261,-74.15112359999999,315000
40.5536621,-74.186345,350000
40.582042,-74.152136,825000
40.556068,-74.166234,290000
40.585747,-74.147103,516252
40.56230499999999,-74.140294,325000
40.55712,-74.196921,360000
40.5546987,-74.1161127,205000
40.57887,-74.1034789,435000
40.51523299999999,-74.19630599999999,470000
40.578013,-74.08064399999999,405000
40.575794,-74.136353,499999
40.543187,-74.172641,464000
40.53278299999999,-74.156317,347425
40.634618,-74.1592758,460306
40.723319,-73.94414189999999,365000
40.548084,-74.156575,187666
40.7194885,-73.8574582,449500
40.681947,-73.952748,4000000
40.539216,-74.177774,100000
40.582662,-74.094899,323000
40.54093,-74.153241,645000
40.506903,-74.22348699999999,355000
40.55341,-74.19505300000002,280000
40.5542849,-74.20070059999999,287500
40.6223558,-74.1675899,180000
40.5453059,-74.178583,405000
40.550981,-74.163203,480000
40.537802,-74.152221,460000
40.539325,-74.145642,302152
40.632261,-74.131117,400000
40.57446059999999,-74.1290073,420000
40.5925271,-74.1524527,453664
40.5602499,-74.10544329999999,252000
40.540562,-74.1977579,500500
40.575077,-74.10764999999999,420000
40.7013789,-73.9502919,100
40.538869,-74.14744200000001,535000
40.5223626,-74.1759847,670000
40.55497099999999,-74.180975,375000
40.5940973,-74.098908,400000
40.635268,-74.12920199999999,570220
40.695103,-73.91624,525000
40.525289,-74.214816,817000
40.5563817,-74.16144919999999,139050
40.547443,-74.19773099999999,330000
40.5434119,-74.154382,463000
40.6254215,-74.159656,282500
40.6315695,-74.1397297,461370
40.628758,-74.11343099999999,393750
40.565249,-74.139954,440000
40.552977,-74.19590699999999,340000
40.636382,-74.160482,259000
40.522326,-74.2140189,320000
40.6410014,-74.1084539,145000
40.543225,-74.19088599999999,695000
40.6346458,-74.1696925,102000
40.604226,-74.085419,390000
40.56229099999999,-74.187313,298000
40.539447,-74.204432,325000
40.636374,-74.1598659,322500
40.54662099999999,-74.188536,787000
40.630655,-74.141493,185299
40.641057,-74.085374,424195
40.5400312,-74.1510606,375000
40.5838056,-74.09220420000001,177600
40.591102,-74.154641,485000
40.565032,-74.108015,475000
40.7080496,-74.009919,365000
40.7721493,-73.87439049999999,154457
40.5389399,-74.205286,485000
40.60501,-74.093833,499000
40.530752,-74.203069,502000
40.6190163,-74.1536589,284900
40.601322,-74.098936,825000
40.5353335,-74.17992509999999,1200000
40.5741987,-74.1016665,499500
40.579181,-74.114328,535500
40.611887,-74.128823,401528
40.528799,-74.20683199999999,495000
40.5516514,-74.1647249,460000
40.540732,-74.15735699999999,480000
40.5499579,-74.173981,333000
40.6106595,-74.0620806,300000
40.547527,-74.195174,309000
40.586398,-74.09672499999999,400000
40.553069,-74.201075,266143
40.617841,-74.12051199999999,415000
40.5519265,-74.1442845,139500
40.5456091,-74.13959009999999,520000
40.556012,-74.1324549,448500
40.5386219,-74.144661,405000
40.53999049999999,-74.1511109,320000
40.581155,-74.100691,470000
40.514139,-74.2060601,700000
40.5615744,-74.1848031,235000
40.6103479,-74.15767869999999,15000
40.640742,-74.094318,210000
40.56221499999999,-74.182703,519307
40.680467,-73.843729,379554
40.579108,-74.107435,218335
40.595528,-74.103486,880000
40.5860417,-74.1641229,250000
40.58692500000001,-74.097233,400000
40.5698421,-74.1404745,700001
40.541352,-74.16024399999999,620000
40.545015,-74.150848,440000
40.563532,-74.1383199,365000
40.564535,-74.14394,574000
40.5376268,-74.1928157,763687
40.611363,-74.085385,200000
40.605559,-74.0964413,1800000
40.605388,-74.098919,1225000
40.6084822,-74.08382999999999,242050
40.6262403,-74.15627959999999,760000
40.5548778,-74.1425022,367000
40.553087,-74.16914299999999,799326
40.634049,-74.138361,197000
40.564298,-74.15001099999999,425000
40.7167095,-74.0031597,455000
40.5635098,-74.183954,225000
40.605345,-74.0881239,400000
40.564651,-74.1538601,475000
40.55889,-74.120927,355000
40.574942,-74.116404,495000
40.5904254,-74.1499734,327500
40.547474,-74.195359,309000
40.530905,-74.167496,770000
40.55151,-74.200423,360000
40.5630669,-74.138629,100
40.538198,-74.14579800000001,304200
40.5607291,-74.1463991,420000
40.628277,-74.144964,17900000
40.582465,-74.106121,415000
40.6039022,-74.087704,340000
40.5457563,-74.1788737,810000
40.547297,-74.15112100000002,405000
40.5610331,-74.16119119999999,340000
40.572927,-74.128996,420000
40.531213,-74.20135599999999,365000
40.5396576,-74.19635099999999,779979
40.586893,-74.153733,530000
40.5735142,-74.0934773,435000
40.537032,-74.154854,560000
40.587285,-74.097954,305000
40.535352,-74.151568,400000
40.62361,-74.092939,805000
40.58837279999999,-74.0921391,335000
40.5869039,-74.157091,592000
40.611798,-74.09331499999999,435750
40.5766608,-74.1610566,333000
40.589752,-74.150712,500
40.5795669,-74.1547331,277500
40.555625,-74.157676,372500
40.57138399999999,-74.132836,546000
40.54246,-74.197321,395000
40.5410825,-74.15821439999999,775000
40.523719,-74.216278,425000
40.545641,-74.147465,390000
40.5363097,-74.1485313,664900
40.628377,-74.131402,280000
40.635134,-74.16481900000001,150000
40.641575,-74.108418,560037
40.581693,-74.087029,437000
40.573281,-74.124251,540000
40.6084623,-74.0826448,255000
40.6166849,-74.129976,440000
40.5386851,-74.1438781,345050
40.640051,-74.074196,639466
40.5094629,-74.223783,565000
40.7357889,-74.0031039,510000
40.53761799999999,-74.212311,532000
40.563049,-74.17791299999999,375000
40.7133901,-73.9961113,440900
40.538637,-74.182778,550000
40.5681771,-74.09282309999999,302500
40.6109612,-74.160538,426600
40.63888,-74.11165299999999,237500
40.5327251,-74.15074109999999,525000
40.5625489,-74.1911475,3700000
40.5511517,-74.1856672,295000
40.578156,-74.128631,900000
40.5851771,-74.16126820000001,238500
40.5474979,-74.1394603,370000
40.633479,-74.137321,335000
40.7223949,-73.9975905,555000
40.555352,-74.153953,1000
40.5769019,-74.08282799999999,605000
40.62950499999999,-74.164666,220000
40.55388,-74.117704,410150
40.624698,-74.149293,250000
40.7714153,-73.9832201,336000
40.5576269,-74.161315,10
40.545722,-74.15258399999999,435000
40.8422896,-73.9424542,312000
40.682339,-73.95689329999999,235000
40.6013248,-74.0882022,382000
40.563058,-74.1869085,268000
40.593922,-74.089057,325000
40.546195,-74.14844599999999,491000
40.63720199999999,-74.170389,112554
40.603701,-74.16497199999999,500000
40.615414,-74.068991,282520
40.59507199999999,-74.158107,385000
40.557643,-74.171497,200000
40.54205,-74.147233,10
40.6035033,-74.1296474,436020
40.6227261,-74.16629089999999,245140
40.528793,-74.16780899999999,709000
40.575233,-74.084769,290235
40.631528,-74.165578,281944
40.5564953,-74.1312133,375000
40.634787,-74.13795,240000
40.612808,-74.130466,800000
40.521142,-74.209829,375000
40.6143493,-74.13087019999999,252066
40.5437129,-74.158061,419000
40.561964,-74.13130199999999,275000
40.7828828,-73.7801447,660000
40.574846,-74.127957,490000
40.556529,-74.113688,223740
40.569635,-74.095687,496860
40.5921047,-74.1523474,460809
40.624165,-74.15156999999999,180000
40.56188460000001,-74.1845175,287500
40.5525578,-74.13958819999999,418000
40.56956,-74.15050099999999,342000
40.605911,-74.12536,365000
40.548476,-74.163916,441000
40.545054,-74.155883,645000
40.5811464,-74.0887723,290000
40.5297709,-74.159609,410000
40.539808,-74.20314599999999,372000
40.5947918,-74.1008617,10
40.53905100000001,-74.174139,895041
40.62573,-74.15131,315000
40.60439299999999,-74.117543,320000
40.613725,-74.1643969,390000
40.528391,-74.211551,1100000
40.614916,-74.130617,432500
40.6410284,-74.1081895,145000
40.548777,-74.185459,449000
40.54421,-74.177044,455000
40.623878,-74.16058,260000
40.560406,-74.106256,470000
40.523252,-74.201685,425000
40.547077,-74.16525399999999,690000
40.555909,-74.162244,409000
40.527915,-74.16153899999999,745000
40.590153,-74.092578,449000
40.545525,-74.141927,405372
40.633988,-74.138407,275000
40.5842708,-74.0975399,130000
40.7281826,-74.0087035,610000
40.5873933,-74.148101,525226
40.55498499999999,-74.157774,412000
40.634459,-74.153471,405600
40.637364,-74.13880499999999,252500
40.586495,-74.0978499,435000
40.57277699999999,-74.096715,75500
40.5883454,-74.1628138,285000
40.602836,-74.06934,195000
40.6109412,-74.1582356,250000
40.608103,-74.083652,210000
40.554283,-74.165201,600000
40.558055,-74.19717899999999,355000
40.5567045,-74.16156029999999,175500
40.555057,-74.164098,538000
40.5582909,-74.16153899999999,320000
40.638118,-74.073964,285000
40.67305400000001,-73.907078,615000
40.5386172,-74.1607167,469000
40.553043,-74.141723,460000
40.54286099999999,-74.15426599999999,747500
40.556026,-74.169005,410000
40.527142,-74.20855,300000
40.53550000000001,-74.17333599999999,615000
40.62004,-74.167631,360000
40.521216,-74.18368199999999,850000
40.574843,-74.097167,190000
40.53968709999999,-74.196246,778961
40.628578,-74.159201,93333
40.58106679999999,-74.1610437,190000
40.596324,-74.087909,850000
40.599063,-74.079043,212500
40.63797599999999,-74.13772999999999,270000
40.62462499999999,-74.0905049,550000
40.553347,-74.13489799999999,420000
40.627266,-74.139026,250000
40.540442,-74.17299899999999,285000
40.628833,-74.085928,669500
40.5523669,-74.20144499999999,295000
40.54808,-74.15412599999999,570000
40.568101,-74.14192899999999,730000
40.642167,-74.11005,285000
40.629495,-74.16425699999999,275000
40.5509201,-74.1949854,429500
40.639989,-74.090904,345000
40.612536,-74.16568,10
40.539218,-74.19986800000001,175000
40.595371,-74.163856,500000
40.619084,-74.0871559,245000
40.580419,-74.103892,161500
40.6964178,-73.9182091,411500
40.5528737,-74.15179959999999,565000
40.54663300000001,-74.154075,575000
40.559832,-74.185872,294000
40.5531628,-74.1608521,470000
40.5858558,-74.0957579,480000
40.560826,-74.133585,310000
40.56004,-74.18383,210000
40.5767,-74.140875,915000
40.643287,-74.094922,395000
40.556605,-74.158981,359000
40.57258300000001,-74.12988399999999,400000
40.5890444,-74.0923631,360000
40.6196079,-74.15452669999999,170000
40.6315671,-74.1387407,2700000
40.619383,-74.08214699999999,153114
40.60305,-74.0966229,300000
40.5621351,-74.1815369,528471
40.559041,-74.144544,467000
40.55625300000001,-74.13570399999999,400000
40.625998,-74.126739,518000
40.553619,-74.2005691,225000
40.595241,-74.1030339,595000
40.556354,-74.168179,403500
40.5927785,-74.1598338,142000
40.558942,-74.15175099999999,220000
40.599474,-74.127917,230000
40.527007,-74.174472,840000
40.6014876,-74.08643219999999,430000
40.605376,-74.12215499999999,432000
40.5835389,-74.09126289999999,390000
40.558093,-74.196366,500
40.5585604,-74.1538767,234310
40.539927,-74.20176099999999,424300
40.534097,-74.200813,213850
40.562694,-74.14791199999999,223600
40.579916,-74.11017199999999,399000
40.628757,-74.148371,340000
40.6363269,-74.0855152,240123
40.5337954,-74.1521513,469989
40.61824900000001,-74.12390599999999,485000
40.566006,-74.12788119999999,375000
40.527453,-74.2009549,375000
40.547253,-74.139623,450000
40.6174981,-74.0830491,165556
40.571383,-74.09471900000001,260000
40.548822,-74.16593,415000
40.60438600000001,-74.08985899999999,464019
40.5663989,-74.135882,434000
40.5497,-74.172538,545000
40.57716,-74.083117,528000
40.64129399999999,-74.088634,10
40.559403,-74.157712,415000
40.548498,-74.197262,347500
40.571388,-74.138853,580000
40.57814,-74.08044799999999,324110
40.580347,-74.098293,375000
40.6253784,-74.10810409999999,540000
40.514474,-74.201543,320000
40.632505,-74.13393599999999,270000
40.5614644,-74.1122278,250000
40.539643,-74.195357,376900
40.617227,-74.122822,489000
40.6327656,-74.1375508,750000
40.73047830000001,-73.95871199999999,542500
40.5283962,-74.1649516,635000
40.5380333,-74.2132005,478201
40.80623080000001,-73.9279024,285650
40.551361,-74.197474,212505
40.5575416,-74.1404672,335000
40.572546,-74.141442,601000
40.583089,-74.092027,520000
40.60343049999999,-74.0867239,460000
40.640524,-74.08057099999999,280000
40.6185256,-74.08674780000001,245000
40.5516561,-74.1671546,748413
40.56554999999999,-74.153227,735000
40.558921,-74.114738,329600
40.558497,-74.161372,435000
40.5816898,-74.1558821,240000
40.626363,-74.14246899999999,477500
40.536055,-74.19447699999999,600000
40.550993,-74.1472409,267000
40.630618,-74.149992,175000
40.59448099999999,-74.093487,393000
40.560839,-74.181826,305000
40.5619819,-74.1814962,528471
40.558799,-74.161711,480000
40.5517169,-74.140858,515000
40.582134,-74.1045089,400000
40.6801957,-73.8889489,335000
40.5581491,-74.1647515,464000
40.557683,-74.16017599999999,246666
40.561895,-74.1276369,380000
40.610332,-74.0888949,579000
40.5608463,-74.10231089999999,40000
40.5479941,-74.156652,185000
40.5551419,-74.147859,395000
40.565282,-74.129615,400000
40.55107599999999,-74.148417,565000
40.5756557,-74.0958924,404586
40.599786,-74.06876,555000
40.560088,-74.152231,255000
40.647916,-74.08527099999999,105250
40.5346509,-74.1530609,615000
40.5497683,-74.14655510000001,16000
40.5790764,-74.158579,271000
40.5789199,-74.105424,419000
40.5451089,-74.155366,572500
40.6442758,-74.1083397,350000
40.7299285,-73.9872113,450000
40.6018789,-74.079471,790000
40.5439318,-74.1531193,228720
40.5147438,-74.2023779,460000
40.599959,-74.12356,540000
40.582029,-74.0876849,620000
40.615329,-74.114824,720400
40.618242,-74.166597,370000
40.638367,-74.08725299999999,705000
40.579442,-74.1125519,660000
40.5577823,-74.1398286,350000
40.626832,-74.147458,300000
40.637499,-74.082278,312500
40.616425,-74.08587899999999,275000
40.605457,-74.120586,370000
40.5192294,-74.2004333,977520
40.5550659,-74.19841799999999,342500
40.58641009999999,-74.16435109999999,420000
40.5647737,-74.15361450000002,10
40.513178,-74.20532800000001,860421
40.555377,-74.174064,475000
40.578866,-74.080173,500930
40.715328,-73.846831,400000
40.6277283,-74.1507551,415740
40.64092309999999,-74.1086497,227500
40.577759,-74.10466799999999,385000
40.559116,-74.114633,430000
40.5973929,-74.093975,530000
40.635686,-74.165797,167310
40.7311759,-74.0041669,915000
40.633708,-74.15164399999999,240000
40.6349189,-74.089739,456556
40.614615,-74.066863,335000
40.632714,-74.15407300000001,335000
40.631324,-74.140047,385320
40.552217,-74.199741,243000
40.559846,-74.14908799999999,222500
40.614011,-74.120257,350000
40.5905569,-74.0957449,175000
40.539232,-74.14818,867500
40.5630774,-74.1850919,255000
40.574668,-74.112393,240000
40.5800481,-74.1664921,10
40.5426476,-74.14791819999999,390000
40.624082,-74.158569,368058
40.617521,-74.16810199999999,370000
40.5744455,-74.1003721,519307
40.631259,-74.15320500000001,395359
40.579816,-74.0848244,344760
40.530862,-74.19497299999999,495000
40.5704502,-74.09197259999999,300000
40.5786609,-74.0794279,323004
40.63674,-74.15191,10
40.637979,-74.0844429,415000
40.53359100000001,-74.16743,999999
40.55553159999999,-74.1401444,359500
40.564068,-74.108471,418500
40.5761328,-74.0850537,384261
40.556241,-74.198206,324000
40.58245,-74.094486,350000
40.6357076,-74.1541481,228635
40.5764743,-74.0850098,484000
40.553324,-74.145836,405000
40.55039499999999,-74.139972,610000
40.611361,-74.128766,510000
40.61911540000001,-74.0941592,115000
40.597694,-74.066757,830000
40.56684,-74.135629,570000
40.54714,-74.1384173,318000
40.562836,-74.138767,357925
40.601398,-74.122169,440000
40.5821909,-74.16172879999999,120000
40.631431,-74.133999,370000
40.61118700000001,-74.0941354,149500
40.5424689,-74.195347,521250
40.572074,-74.113923,585000
40.573593,-74.09928099999999,549855
40.5202079,-74.196653,490000
40.6041339,-74.11664449999999,850000
40.545027,-74.178017,700000
40.560422,-74.12204,470000
40.60544,-74.128781,353956
40.627107,-74.11124199999999,549000
40.5801384,-74.1627175,220000
40.56324,-74.141727,300000
40.5487733,-74.1540538,725000
40.6021059,-74.0851843,363900
40.644554,-74.094515,225000
40.562433,-74.147639,310000
40.613369,-74.08919399999999,519070
40.5286996,-74.16516039999999,825000
40.569169,-74.13823099999999,412000
40.59008499999999,-74.15596099999999,430000
40.8414753,-73.8807291,640000
40.556183,-74.16010399999999,380000
40.62669,-74.144125,307500
40.55803299999999,-74.167971,65000
40.551521,-74.197065,100
40.564998,-74.183999,280000
40.519983,-74.1951377,835000
40.534187,-74.186706,410000
40.5849622,-74.0966771,155000
40.579491,-74.09486690000001,405000
40.588037,-74.152323,453500
40.5633647,-74.1870761,269000
40.525731,-74.210171,287500
40.579688,-74.087217,380000
40.612201,-74.123122,465000
40.6074156,-74.08106459999999,235000
40.5600475,-74.1859243,265000
40.61066,-74.13080599999999,456300
40.6289763,-74.1522918,627162
40.5236893,-74.1808489,389603
40.617591,-74.069103,385000
40.605307,-74.130569,390000
40.535407,-74.1503369,360000
40.543195,-74.19543399999999,600000
40.5455139,-74.1547313,385000
40.553761,-74.135575,325000
40.6223409,-74.16438649999999,225000
40.599168,-74.12755500000002,430000
40.606421,-74.1150119,775000
40.5820099,-74.10053599999999,499999
40.609461,-74.064933,430000
40.557111,-74.197265,380000
40.7256762,-73.980721,650000
40.537933,-74.17991529999999,778961
40.5385038,-74.14744449999999,521344
40.54967,-74.1986596,10
40.5372608,-74.1466219,345000
40.551727,-74.18615299999999,325000
40.553355,-74.15914699999999,496000
40.641466,-74.094242,341250
40.520276,-74.208973,720000
40.5869198,-74.0983256,355000
40.631321,-74.132491,392500
40.541307,-74.15013499999999,400000
40.5596249,-74.16164599999999,443000
40.633286,-74.13541099999999,200000
40.569869,-74.12398499999999,420000
40.5875852,-74.0974353,375000
40.5996303,-74.1166655,650000
40.5464976,-74.13884270000001,355000
40.5787989,-74.079307,460646
40.559168,-74.178016,357500
40.5534109,-74.154273,377000
40.6185567,-74.09485409999999,120000
40.575641,-74.1060339,810000
40.63640100000001,-74.162144,105000
40.60806600000001,-74.123308,335274
40.547296,-74.16439199999999,322500
40.614542,-74.11933499999999,475000
40.5610763,-74.1027707,162855
40.5566249,-74.113159,360000
40.5656869,-74.133419,438000
40.577615,-74.104181,382500
40.525168,-74.20620199999999,620000
40.57899800000001,-74.08698799999999,445228
40.633757,-74.130189,211000
40.6281404,-74.1151857,366000
40.599015,-74.130459,10
40.5621572,-74.18672099999999,255000
40.5908599,-74.1533747,462000
40.602571,-74.128356,445000
40.574815,-74.110458,455888
40.547558,-74.197332,309500
40.6060351,-74.0874304,400000
40.684483,-73.967837,315000
40.563984,-74.138705,515000
40.554636,-74.201442,235000
40.6385239,-74.13759399999999,70000
40.639272,-74.13648599999999,174950
40.5926376,-74.0913261,794235
40.61127,-74.188424,350000
40.5385251,-74.16063249999999,410000
40.6038714,-74.1201389,565128
40.515672,-74.2079399,930000
40.60029,-74.090019,730000
40.5235292,-74.2224398,890968
40.580444,-74.10647399999999,124000
40.6304182,-74.13130470000002,339000
40.596373,-74.091962,560000
40.7710959,-73.9834479,405000
40.520848,-74.213718,499990
40.536963,-74.18435,815000
40.616317,-74.091032,433000
40.5643477,-74.154877,272500
40.57774080000001,-74.1629586,199000
40.644351,-74.09057,350000
40.57711210000001,-74.08123499999999,334474
40.579453,-74.113201,587250
40.579164,-74.078968,224614
40.6315141,-74.13960220000001,395358
40.556349,-74.155986,450000
40.599455,-74.073922,611000
40.635619,-74.16052499999999,136890
40.546289,-74.1984219,336000
40.597051,-74.16563599999999,606000
40.557896,-74.1590669,330000
40.601472,-74.0864957,465000
40.5369079,-74.165409,550000
40.5604242,-74.18115809999999,265000
40.5488759,-74.1973514,392987
40.55915,-74.166252,452500
40.547725,-74.18673,906242
40.5739548,-74.10212280000002,415000
40.578637,-74.104904,429000
40.554334,-74.19489999999999,255000
40.552932,-74.160792,467500
40.7078114,-74.006812,250000
40.544496,-74.150108,380000
40.560129,-74.15803199999999,343855
40.5561537,-74.1177665,519307
40.5417076,-74.1575229,368000
40.5901899,-74.09580059999999,199000
40.5766274,-74.1311578,325500
40.5562361,-74.1382033,105000
40.5699341,-74.1512186,292000
40.6013069,-74.0864398,470000
40.556446,-74.19746099999999,340000
40.574056,-74.102121,370000
40.6091843,-74.1169511,375000
40.543708,-74.142865,372500
40.5909839,-73.92876799999999,1035000
40.551987,-74.2007459,290000
40.60784900000001,-74.125884,350000
40.527919,-74.188126,870000
40.556517,-74.162722,152500
40.5727899,-74.095094,438000
40.6191944,-74.0955041,76250
40.558791,-74.10799999999999,382000
40.538222,-74.16360999999999,10
40.5606676,-74.1548722,332500
40.5489419,-74.1971179,325000
40.7111882,-74.0082497,160000
40.608073,-74.090583,230000
40.547354,-74.148208,462500
40.5952073,-74.1612995,243750
40.5737189,-74.09473799999999,125000
40.547676,-74.19798109999999,396910
40.6253671,-74.1445435,785000
40.5532899,-74.137424,428900
40.551272,-74.163096,384000
40.52776679999999,-74.18316109999999,425000
40.6000919,-74.08299099999999,470000
40.5563465,-74.1617224,197500
40.5268064,-74.16489609999999,847500
40.640116,-74.106951,10
40.538222,-74.156029,420000
40.564794,-74.11587999999999,10
40.6214677,-74.1505438,181800
40.583318,-74.126611,560000
40.542547,-74.155777,450000
40.60449699999999,-74.160569,430000
40.6244889,-74.085247,246500
40.58256009999999,-74.0843713,2222400
40.576276,-74.105153,352500
40.5435148,-74.1424436,360000
40.6149119,-74.1250699,355000
40.5498509,-74.140683,615000
40.540401,-74.151304,370000
40.53883500000001,-74.15592099999999,440000
40.534704,-74.161906,107000
40.620114,-74.109831,111666
40.603959,-74.12772,325000
40.558941,-74.197211,350000
40.516036,-74.20793,999999
40.5623429,-74.18272809999999,589566
40.565546,-74.13763,435000
40.5505358,-74.14621989999999,691391
40.630328,-74.13057599999999,265000
40.5600888,-74.1497144,775000
40.5565544,-74.114335,256500
40.614558,-74.160591,433500
40.5615745,-74.10257659999999,410000
40.526299,-74.166528,675000
40.5880136,-74.1623084,170000
40.631633,-74.155599,203011
40.538596,-74.17842300000001,445000
40.5405938,-74.1452944,532500
40.5859586,-74.1067982,150000
40.6419427,-74.0770774,9500000
40.5552384,-74.1508633,345000
40.605936,-74.125638,370000
40.558095,-74.19722,386300
40.537916,-74.20454400000001,930000
40.5477473,-74.15606319999999,299306
40.539491,-74.20056799999999,10
40.558748,-74.16283299999999,380000
40.5646,-74.153299,464000
40.637688,-74.166499,280000
40.6825802,-74.0065947,155125
40.6804674,-73.8437268,850000
40.578422,-74.08048699999999,288956
40.520055,-74.197013,470000
40.559647,-74.161472,386500
40.619641,-74.085452,80000
40.569861,-74.13356499999999,525000
40.582298,-74.089848,610000
40.5710752,-74.12976359999999,333000
40.573493,-74.08986399999999,345000
40.635729,-74.1664629,700000
40.637137,-74.133135,230000
40.554608,-74.118098,481426
40.6345872,-74.16870039999999,90000
40.6430638,-73.915217,840000
40.6211815,-74.1120956,370000
40.6295069,-74.164767,237000
40.554588,-74.2024228,337900
40.740775,-73.98418,355000
40.627565,-74.150302,315000
40.527961,-74.167655,950000
40.586486,-74.09816599999999,175000
40.54146,-74.154016,615000
40.5591241,-74.1084841,213000
40.5348569,-74.1841369,414000
40.6357489,-74.091188,365052
40.5416402,-74.1452149,748413
40.57973339999999,-74.0789052,75000
40.567799,-74.12052299999999,170000
40.56135,-74.178831,490000
40.580392,-74.111064,240000
40.578651,-74.07976099999999,345000
40.634284,-74.15114899999999,207000
40.599494,-74.125063,575000
40.60119,-74.122153,477500
40.5810895,-74.1553266,340000
40.54122479999999,-74.175887,405000
40.634689,-74.1375429,364935
40.605974,-74.12400500000001,425000
40.5501099,-74.1461631,888932
40.6146109,-74.167964,340000
40.620337,-74.12465800000001,425000
40.561869,-74.18386799999999,304000
40.57524799999999,-74.13510699999999,338000
40.530783,-74.2045629,622500
40.580634,-74.156843,450000
40.53848800000001,-74.212904,507000
40.8062348,-73.9278996,385000
40.601177,-74.075833,560000
40.584486,-74.09738610000001,129000
40.8059122,-73.88326239999999,355000
40.5358779,-74.15167199999999,1004493
40.515834,-74.21163299999999,455000
40.5987795,-74.0726334,577800
40.5707594,-74.13506459999999,650000
40.554403,-74.1808609,350000
40.586973,-74.156244,580000
40.625402,-74.111482,560500
40.629906,-74.143675,300000
40.55321900000001,-74.14130999999999,327840
40.53883099999999,-74.198583,80000
40.592623,-74.090482,420000
40.562413,-74.108817,240000
40.5530999,-74.14183129999999,460000
40.6184506,-74.1563463,220000
40.52817,-74.197408,325000
40.540126,-74.20200799999999,455000
40.5386049,-74.15300599999999,387500
40.6111764,-74.074146,417000
40.637466,-74.137474,196112
40.548769,-74.192348,665000
40.565478,-74.118453,660000
40.581048,-74.101491,675000
40.588597,-74.09163699999999,608000
40.631298,-74.1515809,275808
40.56670099999999,-74.136816,735000
40.527246,-74.1996209,560000
40.583682,-74.100905,388000
40.6149722,-74.0791902,241451
40.538744,-74.171959,379000
40.5507288,-74.1928784,355000
40.564241,-74.148753,535000
40.6034762,-74.0866862,459900
40.5565969,-74.196361,365000
40.546672,-74.165156,524000
40.682466,-73.95702349999999,405000
40.6029315,-74.0859461,475000
40.5436498,-74.1505964,620000
40.5801749,-74.110659,337500
40.60943899999999,-74.12525,253000
40.5851342,-74.0969449,117000
40.5568389,-74.11480999999999,455000
40.552906,-74.134643,545000
40.7274371,-73.9605952,170000
40.6840068,-73.942587,340000
40.63327,-74.1539109,362000
40.5628123,-74.1845842,288000
40.542483,-74.1805536,768778
40.526421,-74.18854499999999,580000
40.559776,-74.156515,450000
40.513346,-74.19551899999999,285600
40.5620032,-74.1569136,304000
40.626986,-74.143582,285000
40.6139483,-74.0777761,72500
40.633178,-74.142566,250000
40.542419,-74.18060790000001,768778
40.7027679,-73.9421041,560000
40.559525,-74.179541,466500
40.599476,-74.128766,440000
40.579759,-74.079471,206707
40.541397,-74.164315,460000
40.633897,-74.140179,325000
40.5516967,-74.16588709999999,960000
40.7366275,-73.987133,345000
40.8062108,-73.9279164,432000
40.56164,-74.176614,500
40.6045626,-74.1200446,496860
40.596519,-74.1019419,700000
40.522698,-74.21993499999999,992500
40.613617,-74.165689,510000
40.61186989999999,-74.0665841,494832
40.6377161,-74.08736209999999,650000
40.5615185,-74.1065897,322000
40.5464579,-74.1414662,220000
40.5425899,-74.153571,415000
40.61038,-74.083675,165000
40.60116499999999,-74.123648,605000
40.5543069,-74.2005656,340000
40.546337,-74.151135,460000
40.5628469,-74.1852761,248476
40.63696420000001,-74.0861748,650000
40.5694609,-74.137846,825000
40.5967638,-74.100582,825000
40.57561099999999,-74.13246699999999,1200000
40.587459,-74.159913,400000
40.634355,-74.15995199999999,360000
40.5408383,-74.159128,340000
40.547461,-74.19766899999999,316000
40.612451,-74.123716,324480
40.635242,-74.156707,150000
40.62753499999999,-74.161107,114500
40.589355,-74.159179,550000
40.5945419,-74.09267299999999,367200
40.683127,-73.884035,415000
40.62430699999999,-74.130901,403200
40.56290389999999,-74.1168431,26361000
40.7435431,-73.9508295,468000
40.53805,-74.20138399999999,635000
40.5943134,-74.16752029999999,332250
40.6832511,-73.95018809999999,575888
40.534418,-74.154759,436020
40.56329059999999,-74.1870859,253500
40.550851,-74.156571,640000
40.562714,-74.13184400000002,400000
40.5607735,-74.14644679999999,418000
40.6408705,-74.08520089999999,60000
40.622368,-74.160476,320000
40.6043831,-74.0956534,126000
40.558762,-74.1705,317500
40.603738,-74.08522599999999,440000
40.602396,-74.0764839,595000
40.605498,-74.16163999999999,418000
40.583563,-74.15709,252500
40.525433,-74.212273,547500
40.7175772,-74.00899869999999,650000
40.6303849,-74.140863,212000
40.6417189,-74.11075509999999,829336
40.7150964,-73.9969244,361000
40.6064795,-74.09242429999999,227000
40.683719,-73.878736,547000
40.540945,-74.14464,490000
40.611493,-74.08813099999999,370000
40.614666,-74.162819,454039
40.604099,-74.121066,380000
40.5790687,-74.0790538,355500
40.58176900000001,-74.103819,370000
40.522206,-74.212064,700000
40.518621,-74.19492,465000
40.7179921,-73.95732819999999,505000
40.56021,-74.1761719,570000
40.62201,-74.1235109,525000
40.637382,-74.13929999999999,285000
40.6297179,-74.147893,239000
40.599902,-74.06684299999999,690000
40.565819,-74.153702,350000
40.606705,-74.114899,300000
40.5951413,-74.1602442,225000
40.593804,-74.089961,436000
40.603008,-74.11827199999999,545000
40.56238099999999,-74.183038,373000
40.545109,-74.1499415,380000
40.54078500000001,-74.16487099999999,739000
40.625532,-74.150609,176500
40.540227,-74.210173,630000
40.563455,-74.140827,299000
40.5785709,-74.1004169,430000
40.7355904,-74.0035051,425000
40.588243,-74.15329799999999,400000
40.8044222,-73.9131257,299000
40.7119204,-73.9439372,619000
40.635799,-74.14579599999999,295000
40.6301785,-74.152298,425000
40.546147,-74.16976199999999,316046
40.6441329,-74.085313,348000
40.58524209999999,-74.0967503,147500
40.588527,-74.1632923,225000
40.515247,-74.2109399,220000
40.6038684,-74.1202705,507000
40.601106,-74.12992899999999,300000
40.556651,-74.11525100000001,445000
40.566496,-74.11758999999999,540000
40.56203199999999,-74.184127,312000
40.5405246,-74.1542406,427500
40.6023261,-74.0850403,309270
40.5675929,-74.1356258,395000
40.5758815,-74.1638641,323000
40.5636841,-74.14144859999999,400000
40.567998,-74.105412,368225
40.7442177,-73.98161809999999,350200
40.578808,-74.080062,327641
40.554026,-74.166664,485000
40.5450019,-74.152635,507000
40.56232,-74.140734,265000
40.605244,-74.088934,399900
40.61833499999999,-74.08869600000001,975000
40.580091,-74.12105199999999,475000
40.5372709,-74.201374,420000
40.561825,-74.17301,363000
40.565505,-74.105313,322500
40.628118,-74.1402449,360000
40.5997739,-74.065184,775000
40.550363,-74.14139,610000
40.6201303,-74.1540596,310000
40.539002,-74.184589,470000
40.6317329,-74.13163899999999,310000
40.571535,-74.133979,350000
40.5842,-74.09191299999999,540000
40.6220864,-74.1265238,480000
40.552331,-74.167411,401000
40.57996929999999,-74.1349589,949000
40.574698,-74.13733599999999,528700
40.53506600000001,-74.19843,635000
40.550599,-74.145094,465000
40.573149,-74.11361,10
40.560628,-74.155895,370000
40.603762,-74.12740939999999,390000
40.549768,-74.16992700000002,640000
40.605994,-74.166129,545000
40.56271,-74.187315,218935
40.523508,-74.218468,220000
40.5501505,-74.1925617,351000
40.543008,-74.161114,450000
40.51840199999999,-74.208716,406000
40.561051,-74.1283459,385000
40.637726,-74.16649799999999,285000
40.602442,-74.093048,418000
40.5168613,-74.20756589999999,905454
40.6223871,-74.16382200000001,162000
40.5424391,-74.1456105,630000
40.632333,-74.16606,150072
40.5635199,-74.187522,264500
40.547781,-74.13860400000002,420000
40.550583,-74.17571699999999,435000
40.58790399999999,-74.15384,428000
40.5427589,-74.17536299999999,604942
40.53947,-74.189374,535000
40.5635853,-74.1000493,167310
40.5598592,-74.16559219999999,439000
40.56183499999999,-74.147019,324900
40.556788,-74.114956,390000
40.559748,-74.1453942,420000
40.542886,-74.17765,10
40.627108,-74.140884,273780
40.595309,-74.103145,350000
40.5366185,-74.147769,324000
40.53651989999999,-74.1824075,753505
40.550415,-74.188653,250000
40.628456,-74.148248,292000
40.640875,-74.1333329,2995000
40.568509,-74.13028899999999,380000
40.534299,-74.18632099999999,742753
40.6269023,-74.1656587,9900000
40.63643099999999,-74.134807,250000
40.616358,-74.080069,326700
40.5629991,-74.1835594,310000
40.7082627,-74.0066701,155000
40.62278999999999,-74.160372,315000
40.558126,-74.169793,529000
40.6032312,-74.086383,345000
40.632629,-74.160624,415000
40.7113351,-73.988286,665000
40.55503,-74.194508,267285
40.5617879,-74.1870046,182000
40.7074899,-74.0055983,347295
40.530947,-74.20124899999999,960000
40.582232,-74.10081,270000
40.611255,-74.163978,395000
40.564877,-74.141109,499900
40.7754064,-73.9840096,555000
40.5847969,-74.0971273,120000
40.571385,-74.130276,615000
40.566906,-74.129142,740000
40.592037,-74.09677099999999,271050
40.5622665,-74.18338419999999,260000
40.5851385,-74.0893224,1235000
40.611623,-74.16207399999999,444500
40.632457,-74.141124,323000
40.626789,-74.123306,403000
40.7233967,-73.95173079999999,495000
40.6973434,-73.969815,99750
40.54461,-74.19410100000002,547500
40.5363,-74.173523,595000
40.5316998,-74.194991,365000
40.608508,-74.1608229,170000
40.5424057,-74.1505695,784052
40.5533771,-74.1176614,40000
40.6029989,-74.1188899,560000
40.6191587,-74.0951364,96000
40.6223454,-74.1675185,218875
40.562467,-74.11821599999999,337500
40.5296489,-74.16199979999999,477900
40.581698,-74.1563719,262966
40.6200593,-74.1529185,260000
40.611852,-74.06379,252333
40.580641,-74.08727499999999,332690
40.561777,-74.182912,372000
40.5280569,-74.202755,943679
40.720789,-73.94650299999999,330000
40.563749,-74.182784,435000
40.549249,-74.14946499999999,525000
40.6106112,-74.1311123,466339
40.538531,-74.212822,554946
40.555157,-74.196349,330000
40.6219265,-74.1499772,217500
40.64452199999999,-74.108282,335000
40.544658,-74.175046,420000
40.60937819999999,-74.16154639999999,375000
40.5647752,-74.1366567,394000
40.5625261,-74.1827824,506442
40.68410799999999,-73.940539,735000
40.585575,-74.159515,455000
40.639586,-74.085843,110000
40.638211,-74.130607,105000
40.5403878,-74.15866679999999,550000
40.623923,-74.161384,367500
40.542623,-74.18190299999999,675000
40.555614,-74.178595,470000
40.547507,-74.16685600000001,1250000
40.5324784,-74.1571235,865000
40.514032,-74.196291,675000
40.528994,-74.2075629,535000
40.537959,-74.148383,345000
40.6136277,-74.0702304,441090
40.637683,-74.081555,165000
40.555133,-74.11802700000001,635000
40.601151,-74.127864,379000
40.56145000000001,-74.1066525,338000
40.5548216,-74.1432469,240000
40.5779257,-74.1627692,202666
40.5696721,-74.1515927,285000
40.82515799999999,-73.825009,348709
40.683515,-73.881295,414780
40.5777925,-74.1629489,278000
40.5156227,-74.2106915,997885
40.599255,-74.075405,960000
40.63700900000001,-74.16531499999999,255970
40.5699759,-74.1262409,425000
40.521914,-74.22165300000002,2834000
40.55817529999999,-74.1652232,425000
40.5531965,-74.1858958,388000
40.5700058,-74.15128589999999,286000
40.528883,-74.19034769999999,900000
40.5622999,-74.1061229,200000
40.6408429,-74.110569,417500
40.5513956,-74.1635816,315000
40.5481989,-74.17710699999999,699900
40.5303929,-74.201573,754000
40.552718,-74.150187,227500
40.7127837,-74.0059413,283083
40.53125300000001,-74.19883,780000
40.579519,-74.1058,380000
40.5486099,-74.190333,420000
40.598856,-74.083342,110000
40.576986,-74.139748,410000
40.5860335,-74.0968434,300000
40.530001,-74.205708,490000
40.63661,-74.15808799999999,400000
40.5377,-74.1718439,650000
40.585951,-74.156635,640000
40.556659,-74.134525,490000
40.6062141,-74.0866496,369000
40.543586,-74.181504,10
40.538684,-74.181612,585000
40.619674,-74.102406,450000
40.5397167,-74.1961409,711756
40.5543781,-74.17939199999999,427500
40.53922,-74.15996299999999,750000
40.549852,-74.164221,429000
40.709259,-74.0080773,240000
40.55014,-74.199519,400000
40.55553099999999,-74.16835499999999,455000
40.556441,-74.139012,150000
40.600364,-74.07761599999999,515000
40.6190554,-74.0940495,102500
40.55509199999999,-74.181001,425000
40.615715,-74.090237,255000
40.617384,-74.167018,410000
40.615221,-74.164801,430000
40.6227777,-74.12578049999999,550000
40.7311971,-74.0035553,1200000
40.57623299999999,-74.12051799999999,650000
40.6268191,-74.12832689999999,431985
40.585717,-74.097301,520000
40.5697766,-74.0928551,108109
40.554703,-74.151254,590000
40.6259403,-74.12631879999999,285000
40.563664,-74.14793499999999,348300
40.553385,-74.15313990000001,435000
40.5927872,-74.15289779999999,461895
40.542288,-74.15890399999999,480000
40.567414,-74.133054,460000
40.554858,-74.152286,341500
40.595308,-74.10078399999999,535000
40.515949,-74.197768,414000
40.6136332,-74.0794274,280000
40.558847,-74.164227,320000
40.631572,-74.142304,170000
40.58543,-74.103453,414000
40.558817,-74.162255,477000
40.6655799,-73.99294429999999,350000
40.533548,-74.15160000000002,683000
40.8565043,-73.93501619999999,620000
40.616645,-74.12693,437500
40.595452,-74.100022,612500
40.587629,-74.16301469999999,275040
40.564126,-74.12947,415000
40.540766,-74.188822,570000
40.573805,-74.144261,790000
40.5774664,-74.12079899999999,450000
40.75216899999999,-73.9778181,250000
40.584895,-74.100915,206000
40.5637561,-74.1009658,75000
40.55750800000001,-74.15650099999999,555500
40.623329,-74.161667,400000
40.600755,-74.129876,377500
40.6352482,-74.1291035,570220
40.605765,-74.090605,395000
40.5452455,-74.15807699999999,55000
40.6118817,-74.0883894,855000
40.5603197,-74.1854345,174000
40.548104,-74.196473,215730
40.524123,-74.199607,865000
40.609963,-74.167858,290000
40.587806,-74.094184,475000
40.54119499999999,-74.19995899999999,545000
40.572489,-74.090805,180000
40.7364497,-73.98698569999999,275000
40.5502329,-74.196158,465000
40.6135972,-74.0702084,454272
40.5337729,-74.18455,3933000
40.5756187,-74.09592669999999,427450
40.548122,-74.162728,705000
40.550433,-74.13939599999999,520000
40.575372,-74.094298,309900
40.71814,-73.95525099999999,600000
40.6166052,-74.1679578,432370
40.564226,-74.1021197,340000
40.5502139,-74.174492,355000
40.5552661,-74.1837647,503400
40.54472699999999,-74.17454599999999,391750
40.580929,-74.16224199999999,177500
40.535926,-74.14861599999999,610950
40.6197329,-74.16011499999999,400000
40.5924278,-74.151163,330000
40.561226,-74.117666,100000
40.542271,-74.1464113,380000
40.611458,-74.163934,325000
40.517067,-74.20616799999999,1300000
40.5393197,-74.1771129,640000
40.5313017,-74.2020623,778961
40.564254,-74.155011,246000
40.620421,-74.086045,270000
40.5558974,-74.1330806,537500
40.6103564,-74.0690398,303000
40.628168,-74.11465100000001,500000
40.6204476,-74.1308191,125000
40.5642199,-74.184885,275000
40.532736,-74.1562299,370000
40.610081,-74.126155,497600
40.5519419,-74.145843,266300
40.559022,-74.16689699999999,465000
40.537381,-74.15632599999999,550000
40.518673,-74.209307,585000
40.5842724,-74.09753789999999,160000
40.603507,-74.12933840000001,425880
40.5474497,-74.1381878,435000
40.553391,-74.118825,729750
40.535163,-74.19807899999999,525000
40.54957900000001,-74.193619,432000
40.615613,-74.082859,220000
40.579505,-74.107761,159177
40.542277,-74.1776749,845000
40.6380617,-74.1340187,2275000
40.55018800000001,-74.151842,625000
40.560574,-74.179225,450000
40.6119639,-74.0673886,350000
40.54052,-74.145009,495000
40.53467699999999,-74.15522899999999,10
40.6762477,-73.8826888,191111
40.578953,-74.10895599999999,525000
40.635432,-74.16481900000001,130000
40.6392669,-74.074049,408750
40.539928,-74.193501,485000
40.563253,-74.107034,375000
40.562919,-74.141334,291500
40.608966,-74.064947,362000
40.637568,-74.16068899999999,420000
40.6279636,-74.1563503,100000
40.631972,-74.158721,256500
40.635273,-74.150969,516252
40.5401461,-74.1742537,685000
40.567358,-74.129184,495000
40.85796029999999,-73.93306849999999,1150000
40.63143669999999,-74.1422518,386900
40.6407389,-74.10855509999999,140000
40.5625323,-74.1871235,160000
40.63062,-74.14954999999999,256225
40.5547361,-74.13841529999999,539672
40.619103,-74.121903,376000
40.6108763,-74.1582762,280000
40.55724,-74.14177099999999,575000
40.631563,-74.133815,330000
40.7281545,-74.0087033,401906
40.5608357,-74.1551387,285000
40.58837399999999,-74.10082400000002,435000
40.569945,-74.141784,1038000
40.5601833,-74.1833053,141032
40.582736,-74.103843,400000
40.5814254,-74.1017274,400000
40.56277190000001,-74.1403989,257000
40.616797,-74.071702,235000
40.607427,-74.09458099999999,945000
40.5522902,-74.1544814,200000
40.553292,-74.17317899999999,499000
40.59225139999999,-74.1533987,486553
40.624249,-74.158843,242050
40.5432912,-74.1809679,761793
40.630134,-74.135589,1
40.7037069,-73.9502424,365000
40.64060540000001,-74.0782849,330000
40.598567,-74.074636,965000
40.557176,-74.1713973,260000
40.544475,-74.1503479,10
40.570263,-74.126752,435000
40.611825,-74.0943659,575000
40.57860600000001,-74.122565,280000
40.721208,-73.99513499999999,450000
40.5787819,-74.10476899999999,315000
40.638822,-74.08016099999999,296700
40.643625,-74.09181400000001,330000
40.55514,-74.167382,306000
40.620579,-74.1657932,260000
40.643913,-74.093994,260000
40.8448458,-73.9423733,205000
40.582046,-74.1562415,340000
40.632504,-74.154842,165000
40.5601451,-74.1867338,257000
40.552682,-74.1963789,241000
40.6096689,-74.075716,290000
40.6275473,-74.15632529999999,185000
40.556492,-74.125011,383000
40.682896,-73.955196,349000
40.590865,-74.0922609,450000
40.563927,-74.181474,542000
40.543741,-74.164343,4100000
40.5159779,-74.204908,827000
40.5397825,-74.1801442,407660
40.5528663,-74.1146909,326183
40.537773,-74.178584,605000
40.635727,-74.170118,245000
40.618434,-74.125721,390000
40.540486,-74.198031,441000
40.52663099999999,-74.199116,445000
40.556954,-74.1713504,275000
40.8613746,-73.92527199999999,359500
40.550896,-74.1362852,510000
40.612311,-74.08865,360000
40.563556,-74.137905,325000
40.633113,-74.15674299999999,300000
40.5444177,-74.1435821,350000
40.623402,-74.109877,396000
40.6764315,-73.882657,729750
40.576618,-74.09537,76000
40.6183919,-74.0874166,405000
40.6366726,-74.1593671,460000
40.529276,-74.208156,530000
40.7113062,-73.99677849999999,278000
40.6418506,-74.0993804,185250
40.623717,-74.16028899999999,319000
40.601583,-74.084363,438000
40.550818,-74.13956999999999,555000
40.6052249,-74.1199511,494832
40.556714,-74.154556,380000
40.627808,-74.147108,325000
40.5564843,-74.1388843,117000
40.555491,-74.201043,240000
40.555955,-74.1398525,265000
40.6098384,-74.07145469999999,309000
40.5786271,-74.1361982,1450000
40.55943,-74.14505919999999,275000
40.5606101,-74.1865527,195000
40.583759,-74.101017,345000
40.640353,-74.11243600000002,412000
40.5516306,-74.1525099,770000
40.616333,-74.1237809,459000
40.554112,-74.20137559999999,330000
40.554738,-74.1183099,450045
40.5795377,-74.1094423,590000
40.627722,-74.13743099999999,390000
40.5779697,-74.09859949999999,396000
40.576149,-74.119878,470000
40.555721,-74.14266119999999,215000
40.549508,-74.19753,10
40.587684,-74.094882,413600
40.53939099999999,-74.151973,600000
40.613448,-74.125338,340000
40.5338647,-74.15278959999999,322000
40.6138011,-74.0778595,250000
40.5972021,-74.0842704,6700000
40.557494,-74.16127,433000
40.555786,-74.200693,235000
40.598229,-74.075082,1250000
40.6208009,-74.1115682,340000
40.637528,-74.1368339,330000
40.6211958,-74.1663954,225000
40.5724308,-74.0997196,545000
40.552026,-74.15821199999999,10
40.5609758,-74.1858864,202500
40.5856655,-74.09538599999999,350000
40.5147819,-74.2021685,465000
40.543281,-74.178174,465000
40.562511,-74.146584,330000
40.5575,-74.13478599999999,571000
40.5564004,-74.1639209,85750
40.527372,-74.20653899999999,499999
40.5560853,-74.1998363,388000
40.62988230000001,-74.1102427,517500
40.558672,-74.17486699999999,365000
40.56951,-74.09577399999999,515000
40.5645543,-74.184848,277000
40.636021,-74.088521,195000
40.582094,-74.08659399999999,390000
40.5481989,-74.163854,475000
40.551553,-74.169602,465000
40.5645034,-74.18482279999999,260000
40.636624,-74.158191,257500
40.577893,-74.1070189,435000
40.5688344,-74.1234533,406000
40.6125076,-74.08106939999999,253000
40.601603,-74.119146,550000
40.62401699999999,-74.1573559,275000
40.5389309,-74.1963184,773870
40.5691068,-74.1496715,380000
40.5459311,-74.1648589,629500
40.5791139,-74.07901439999999,337538
40.642804,-74.11090899999999,379500
40.60441,-74.064964,420000
40.627306,-74.139482,400500
40.524484,-74.185569,545000
40.577145,-74.130141,457500
40.6263,-74.1123439,425000
40.570223,-74.12449099999999,353000
40.569638,-74.127895,433000
40.54592299999999,-74.155734,315000
40.6019113,-74.1303124,430950
40.546082,-74.1464529,229000
40.619081,-74.161395,380000
40.6133499,-74.12233499999999,1800000
40.630557,-74.156138,281389
40.555945,-74.197901,317000
40.683269,-73.95028049999999,425000
40.85665849999999,-73.932321,585000
40.58936569999999,-74.09169419999999,475000
40.58349399999999,-74.15163799999999,350000
40.5545953,-74.1427393,238000
40.7422763,-73.98304639999999,347500
40.563203,-74.18552500000001,250000
40.5767899,-74.1633006,362000
40.562497,-74.13921400000001,370000
40.70954709999999,-74.00526669999999,415000
40.55269,-74.17239099999999,430000
40.541036,-74.19766899999999,445000
40.5533001,-74.1690795,780972
40.548896,-74.198475,335000
40.713777,-73.996008,475000
40.56039699999999,-74.17469,240000
40.6016019,-74.0861668,483000
40.617344,-74.15394200000001,515000
40.580048,-74.11041999999999,527500
40.553672,-74.2018779,329000
40.579801,-74.102749,222000
40.515288,-74.204492,400000
40.5994575,-74.1239806,386000
40.63271,-74.139943,272000
40.616476,-74.064831,400000
40.636954,-74.143694,153114
40.628043,-74.144018,360000
40.637006,-74.16421199999999,365000
40.553572,-74.195452,368000
40.8469641,-73.93743669999999,345000
40.636482,-74.171041,236250
40.608094,-74.091129,325000
40.526941,-74.198712,545000
40.556315,-74.159089,410000
40.5526856,-74.20106150000001,292000
40.552725,-74.199528,305000
40.555954,-74.19846799999999,325000
40.58960099999999,-74.164456,10300000
40.6166196,-74.16807399999999,425779
40.541707,-74.157192,462500
40.6076864,-74.0828466,200000
40.604087,-74.091599,17100000
40.627767,-74.11195599999999,465000
40.5261773,-74.1676011,447500
40.5632935,-74.1405187,280000
40.585608,-74.100056,480000
40.5716729,-74.115331,467500
40.594938,-74.165673,505000
40.5837948,-74.1602462,290000
40.5570055,-74.1618896,182000
40.599424,-74.064499,795000
40.5822207,-74.1046677,355000
40.615056,-74.08053699999999,229000
40.5572329,-74.157786,365000
40.513181,-74.2032849,540000
40.6342575,-74.1440898,85000
40.6166175,-74.1680574,425779
40.613822,-74.126136,635000
40.5737472,-74.1365203,295000
40.57194,-74.127578,408000
40.5632788,-74.18506219999999,195000
40.6192545,-74.0953854,125000
40.6907195,-73.93907039999999,473800
40.5891779,-74.15609599999999,424500
40.68262199999999,-73.88686899999999,200000
40.591699,-74.09449599999999,393500
40.683153,-73.95130759999999,483000
40.546444,-74.1824369,510000
40.559894,-74.185799,260000
40.5759404,-74.12645150000002,235000
40.552342,-74.138828,420000
40.525232,-74.216094,490000
40.550208,-74.183115,599000
40.62019799999999,-74.0995219,500000
40.7055949,-74.012337,272500
40.5573492,-74.1407704,375000
40.554508,-74.2003208,335000
40.518112,-74.2042249,349900
40.599095,-74.123741,424000
40.563227,-74.12032099999999,10
40.633475,-74.09090100000002,275000
40.553555,-74.139062,505000
40.566685,-74.1065349,335000
40.562466,-74.123012,421500
40.57111,-74.1137509,440000
40.5518381,-74.1137013,264000
40.535024,-74.154792,423000
40.576503,-74.0835201,402530
40.63104999999999,-74.1592386,417500
40.61522799999999,-74.12591300000001,350000
40.55417300000001,-74.193794,308236
40.5960557,-74.1587969,270000
40.589157,-74.0984817,850000
40.538026,-74.165807,430000
40.562955,-74.119202,1
40.5641616,-74.1552696,292500
40.598586,-74.074348,880000
40.5375913,-74.1471413,420000
40.597744,-74.1632247,450000
40.5632396,-74.12904019999999,375000
40.679677,-73.89090999999999,337000
40.521157,-74.2065949,550000
40.585114,-74.10503100000001,650000
40.63983959999999,-74.1380144,285000
40.55711,-74.157732,435000
40.6280639,-74.1563573,135000
40.627571,-74.118138,590000
40.548594,-74.1678869,368082
40.5512625,-74.1674336,769000
40.568287,-74.135443,542500
40.546706,-74.197779,399000
40.600624,-74.0660791,366000
40.54695299999999,-74.181867,560000
40.6315693,-74.15363909999999,380250
40.54423449999999,-74.175474,425000
40.5418979,-74.1739699,465000
40.673707,-73.898725,565000
40.552389,-74.1989493,310000
40.5295569,-74.160117,420000
40.611535,-74.067032,309000
40.54363,-74.172761,353000
40.5714051,-74.1367514,350000
40.611392,-74.160506,520000
40.5811009,-74.11057500000001,342000
40.62370800000001,-74.1303642,599000
40.560936,-74.1549288,310000
40.55236499999999,-74.14477,123499
40.574483,-74.093125,435000
40.5818172,-74.0938183,1000
40.602855,-74.120949,762500
40.598258,-74.09151299999999,162000
40.560142,-74.148569,480000
40.5847341,-74.09775300000001,122000
40.5373905,-74.1919426,575000
40.5411829,-74.1963908,120666
40.5565823,-74.16291679999999,185000
40.537979,-74.15168899999999,350000
40.595156,-74.166572,500
40.6258629,-74.1261892,280000
40.6945719,-73.996201,320000
40.537749,-74.146771,291500
40.54154399999999,-74.188761,590000
40.5528954,-74.11557970000001,301675
40.51522,-74.211117,700000
40.5388066,-74.1440454,387800
40.5901004,-74.150271,300000
40.54946899999999,-74.154566,305000
40.554966,-74.148531,449820
40.6030009,-74.0845211,140000
40.5862395,-74.15919459999999,530000
40.6041845,-74.1285843,430000
40.527899,-74.179394,470000
40.676088,-73.883574,672778
40.6166496,-74.16820129999999,447593
40.7078675,-74.01051489999999,45000
40.5561146,-74.13604269999999,425000
40.55378100000001,-74.197048,275000
40.54240799999999,-74.19834,499999
40.539851,-74.196511,495000
40.547806,-74.1857239,925000
40.631226,-74.14930500000001,285000
40.5397139,-74.194273,435000
40.556449,-74.124946,353000
40.603673,-74.129048,327500
40.609457,-74.085053,333500
40.7120559,-73.7894398,169575
40.562263,-74.140615,1
40.542672,-74.151634,10
40.60311189999999,-74.08331179999999,275000
40.573451,-74.1183439,500000
40.562061,-74.155458,511910
40.629957,-74.162853,219000
40.559031,-74.16279999999999,401000
40.573617,-74.1392149,840000
40.5853008,-74.163569,325000
40.6074468,-74.095097,1367000
40.5559514,-74.14234789999999,223500
40.548075,-74.187292,890969
40.6212697,-74.08599889999999,454536
40.7740625,-73.9854943,10
40.63985599999999,-74.085908,175000
40.55415,-74.146174,605858
40.600911,-74.119158,542500
40.7711943,-73.9833378,855000
40.5406111,-74.1444381,480000
40.550732,-74.177002,428000
40.5760999,-74.118735,812000
40.6438111,-74.07740559999999,740000
40.559841,-74.16516399999999,420000
40.5939539,-74.09402399999999,488000
40.525166,-74.200283,625000
40.598798,-74.06490900000001,390000
40.577238,-74.081721,544165
40.5745186,-74.0855826,400334
40.7393587,-74.0102699,483000
40.51514299999999,-74.203312,382000
40.5364069,-74.1657,430000
40.5549778,-74.14097269999999,478000
40.541199,-74.167259,525000
40.549202,-74.195436,527858
40.642004,-74.10768399999999,405000
