17.95780016,-66.39216119,15.11
17.98079943,-66.16683318,64.78
17.99091100,-66.61317270,9.46
17.99413195,-66.21600050,29.04
18.01288173,-66.78609190,8.62
18.02032529,-66.93350980,5.35
18.09824228,-65.46749210,11.33
18.20273623,-65.75793978,5.04
18.21468480,-67.13829900,5.70
18.35767184,-66.57392260,126.26
18.41883659,-66.32739149,67.77
18.42808602,-66.51144948,23.13
18.44169643,-66.79867590,311.65
18.44200170,-66.64778550,101.34
18.44427988,-66.33816939,27.42
29.13388889,-98.39138890,138.09
29.43856519,-99.28337380,206.79
29.49527778,-98.59555560,177.56
29.54777778,-98.63555560,187.33
29.56364765,-95.11915340,131.77
29.58777778,-98.54861110,229.39
29.72722950,-95.45099630,227.70
29.72745173,-95.45132960,255.00
29.79078369,-95.58661080,10.84
29.79092257,-95.58636080,348.99
29.79078369,-95.58661080,153.57
29.79133809,-95.33382590,171.73
29.86779720,-99.56718890,248.04
29.91383326,-95.14493100,67.89
30.13997220,-95.46313890,142.99
30.14694444,-95.24250000,141.75
30.20790278,-95.45741670,366.20
30.21033889,-97.78158330,138.53
30.21666667,-92.98000000,60.33
30.25144444,-95.57697220,44.56
30.33020927,-95.48355200,91.20
30.33020927,-95.48355200,55.95
30.43741316,-91.14177280,163.04
30.44333333,-91.14388890,129.61
30.44369444,-95.70813890,16.48
30.44369444,-95.70813890,16.77
30.44519075,-91.14288400,106.00
30.45074620,-91.17760720,212.88
30.50741157,-91.19177450,243.48
30.52836750,-95.56413860,78.37
30.54768838,-91.19733030,72.38
30.73523613,-81.55120760,-10.18
30.73523613,-81.55120760,2.94
30.73500000,-81.55138889,-25.46
30.73500000,-81.55138889,-35.36
30.83103540,-83.28265190,130.83
30.96185375,-84.59602620,48.34
31.08546255,-84.43935489,56.43
31.13634196,-81.49093360,-8.39
31.13634196,-81.49093360,-9.76
31.15861110,-81.48611110,-1.09
31.17277778,-81.51277780,4.74
31.17277778,-81.51277780,14.99
31.17452778,-81.48327780,3.37
31.30073555,-84.32296430,43.09
31.35823510,-84.11573790,53.09
31.43825000,-84.18502780,43.56
31.48730556,-84.25833330,27.12
31.54656490,-84.01379360,54.29
31.63572859,-84.15990810,26.75
31.66461310,-84.60436190,202.54
31.68527778,-88.65750000,26.58
31.95371338,-106.60582500,14.72
31.95371338,-106.60582500,24.66
31.95371338,-106.60582500,79.43
31.95371338,-106.60582500,73.37
32.02438054,-80.85316600,8.10
32.02438054,-80.85344380,31.89
32.03000000,-83.85222220,67.56
32.21740776,-82.40985010,186.60
32.22737819,-92.58292610,237.59
32.26770186,-80.72260780,12.68
32.29453824,-106.80333790,43.53
32.29453824,-106.80333790,43.50
32.29481600,-106.80333790,43.79
32.34209170,-84.98604160,49.61
32.34652780,-86.36191490,25.85
32.38972220,-106.53027780,66.42
32.41691667,-85.91991670,15.87
32.45183510,-83.05764860,38.05
32.55364444,-117.06160280,45.75
32.55364444,-117.06160280,45.79
32.55364444,-117.06160280,45.80
32.55364444,-117.06160280,16.89
32.55364444,-117.06160280,15.71
32.59100556,-117.08347500,48.08
32.59100556,-117.08347500,44.85
32.59100556,-117.08347500,27.09
32.59100556,-117.08347500,24.75
32.59100556,-117.08347500,13.75
32.59123610,-117.05389170,-17.44
32.59123610,-117.05389170,-19.63
32.59123610,-117.05389170,9.91
32.59123610,-117.05389170,24.23
32.59123610,-117.05389170,27.79
32.61659720,-117.05941100,64.22
32.61659720,-117.05941100,63.55
32.61659720,-117.05941100,93.28
32.61659720,-117.05941100,117.62
32.61659720,-117.05941100,116.46
32.61659720,-117.05941100,119.14
32.62634167,-107.01901110,10.27
32.65441389,-117.09824440,56.28
32.65441389,-117.09824440,49.41
32.65441389,-117.09824440,42.94
32.65441389,-117.09824440,23.93
32.65441389,-117.09824440,20.87
32.65903610,-117.08557780,-68.70
32.65903610,-117.08557780,42.76
32.65903610,-117.08557780,59.42
32.65903610,-117.08557780,123.29
32.65903610,-117.08557780,25.51
32.65903610,-117.08557780,17.88
32.66863889,-107.16533330,13.03
32.68208056,-117.11238060,34.44
32.68208056,-117.11238060,12.15
32.68208056,-117.11238060,12.62
32.68208056,-117.11238060,11.94
32.68208056,-117.11238060,9.34
32.68779444,-117.08559720,110.14
32.68779444,-117.08559720,133.22
32.68779444,-117.08559720,133.37
32.68779444,-117.08559720,125.08
32.68779444,-117.08559720,98.13
32.69486847,-92.65153900,192.27
32.71893333,-117.10994720,-14.88
32.71893333,-117.10994720,-13.28
32.71893333,-117.10994720,-10.53
32.71893333,-117.10994720,87.04
32.71893333,-117.10994720,87.20
32.71893333,-117.10994720,87.42
32.73776110,-117.07223890,234.15
32.73776110,-117.07223890,234.19
32.73776110,-117.07223890,223.78
32.73776110,-117.07223890,217.69
32.73776110,-117.07223890,156.74
32.73776110,-117.07223890,37.43
32.77809167,-117.12085560,-14.40
32.77809167,-117.12085560,-14.70
32.77809167,-117.12085560,-14.97
32.77809167,-117.12085560,-11.74
32.77809167,-117.12085560,18.74
32.79156530,-79.92842120,44.85
32.83169444,-107.30338890,12.67
33.00069578,-92.74988069,268.22
33.05567220,-117.04639720,25.32
33.05567220,-117.04639720,16.91
33.05567220,-117.04639720,16.73
33.08734444,-116.97475560,65.27
33.08734444,-116.97475560,65.27
33.08734444,-116.97475560,64.89
33.09875000,-117.01713890,19.42
33.09875000,-117.01713890,19.36
33.09875000,-117.01713890,18.77
33.10688889,-91.92457220,84.71
33.17294710,-80.03786119,58.78
33.18438333,-92.63392220,320.59
33.21568595,-92.81043890,312.49
33.23176944,-92.54004720,272.62
33.24415556,-92.69144720,278.08
33.26904167,-93.24683610,267.10
33.25708919,-81.96289440,134.55
33.32792180,-81.74288980,164.46
33.32875000,-82.04866110,218.21
33.36830278,-92.72461110,149.39
33.37258889,-81.97951940,46.75
33.37258889,-81.97951940,39.59
33.42453056,-82.00958060,6.24
33.46320278,-117.10432780,94.26
33.46320278,-117.10432780,72.52
33.47213056,-117.11857220,40.33
33.47213056,-117.11857220,45.14
33.47213056,-117.11857220,47.48
33.47213056,-117.11857220,43.10
33.47213056,-117.11857220,28.38
33.47213056,-117.11857220,24.84
33.48272220,-117.07588890,304.40
33.48272220,-117.07588890,326.69
33.48272220,-117.07588890,327.46
33.48272220,-117.07588890,97.29
33.48272220,-117.07588890,49.36
33.50047220,-117.01605560,320.36
33.50047220,-117.01605560,330.71
33.50047220,-117.01605560,323.09
33.50047220,-117.01605560,85.15
33.53455757,-87.54611710,43.20
33.54750000,-90.54388890,29.80
33.70583330,-89.74083330,9.89
33.85925830,-117.23456940,67.37
33.88238056,-91.25823330,37.44
33.89305556,-78.58861110,11.77
33.89345750,-82.36262690,39.22
33.90231110,-117.26227780,12.76
33.92149060,-84.27770070,7.47
33.94111110,-78.19861110,7.74
33.94138889,-78.19861110,3.12
33.94194444,-78.00972220,61.68
33.94194444,-78.00972220,24.71
33.94194444,-78.00972220,1.18
33.98027778,-78.09527780,41.59
33.99149186,-87.03611540,43.54
34.01177360,-95.08856080,78.72
34.01291667,-117.03639170,356.21
34.01291667,-117.03639170,358.77
34.01291667,-117.03639170,357.35
34.01291667,-117.03639170,354.63
34.02497778,-117.09709170,320.79
34.02497778,-117.09709170,319.22
34.02497778,-117.09709170,320.23
34.02497778,-117.09709170,140.72
34.02676944,-117.06087780,315.77
34.02676944,-117.06087780,317.40
34.02676944,-117.06087780,284.85
34.02676944,-117.06087780,260.42
34.02676944,-117.06087780,260.34
34.04682500,-117.03587780,315.95
34.04682500,-117.03587780,315.44
34.04682500,-117.03587780,315.00
34.04682500,-117.03587780,314.81
34.06948056,-117.28391100,142.49
34.06948056,-117.28391100,151.81
34.06948056,-117.28391100,132.58
34.07741110,-117.29515000,113.71
34.07741110,-117.29515000,117.23
34.08432220,-117.17720830,237.04
34.08432220,-117.17720830,237.00
34.08432220,-117.17720830,236.90
34.08432220,-117.17720830,236.89
34.08936110,-117.35566940,265.02
34.08936110,-117.35566940,270.86
34.08936110,-117.35566940,282.95
34.08936110,-117.35566940,281.95
34.08936110,-117.35566940,274.63
34.09471667,-117.12882220,355.75
34.09471667,-117.12882220,355.93
34.10414167,-117.28645000,159.82
34.10414167,-117.28645000,127.29
34.10414167,-117.28645000,63.21
34.10481935,-86.57776900,62.67
34.11511389,-117.31174440,230.09
34.11849167,-117.27437220,211.73
34.11849167,-117.27437220,209.51
34.11849167,-117.27437220,167.08
34.44196944,-119.74028060,395.62
34.12113889,-117.38506100,395.59
34.12113889,-117.38506100,395.36
34.12113889,-117.38506100,395.16
34.12113889,-117.38506100,395.17
34.13428889,-117.38403330,498.66
34.13428889,-117.40070000,498.33
34.13428889,-117.40070000,498.44
34.13451110,-117.37268060,332.34
34.13451110,-117.37268060,332.32
34.13451110,-117.37268060,318.10
34.13451110,-117.37268060,318.89
34.24786667,-91.91116670,269.11
34.42425830,-96.82612070,21.44
34.44197220,-119.74028060,138.05
34.44259136,-96.82917660,53.23
34.46473330,-91.42093610,101.24
34.45509537,-87.48224640,9.23
34.48953230,-84.85438430,21.00
34.50510000,-96.93760000,48.36
34.50620000,-96.94980000,31.41
34.51337500,-93.05114170,115.62
34.51943330,-90.77263330,18.80
34.58259000,-96.67945220,104.12
34.62398896,-93.80519790,46.54
34.64536085,-85.67552410,19.97
34.67430430,-81.41509650,90.53
34.72065030,-83.72545590,3.29
34.72597220,-80.84333330,27.01
34.72600000,-80.84333330,30.02
34.75500000,-79.46722220,10.08
34.76222220,-79.44361110,21.89
34.77775885,-120.46321970,74.23
34.77775885,-120.46321970,80.82
34.77775885,-120.46321970,68.60
34.78083330,-91.59750000,136.29
34.78133330,-91.64094440,114.44
34.79694444,-98.58416670,7.78
34.84777778,-78.02097220,3.37
34.84759270,-83.07154040,28.92
34.84947500,-91.88111670,124.06
34.86262790,-81.84121270,47.96
34.90090970,-85.26662230,10.41
34.93418918,-110.75152420,267.53
34.93599444,-80.69757220,31.19
34.93591944,-80.69753610,38.27
34.97000000,-77.50333330,0.79
34.97055556,-79.52833330,29.76
34.97516667,-81.05875000,23.96
34.97519444,-81.05880560,20.65
35.00057760,-110.59929800,37.51
35.06842476,-89.74563989,100.98
35.08509100,-89.80869690,162.21
35.12647890,-89.99231220,108.04
35.13005830,-98.38643890,51.68
35.13062839,-85.08272980,8.50
35.14953400,-89.98731189,35.53
35.15008330,-89.80611110,111.29
35.16640267,-110.94041790,227.33
35.17279000,-111.10569940,614.42
35.18652778,-89.85680560,70.75
35.18738889,-85.04750000,10.31
35.18916667,-83.91388889,3.54
35.19055556,-79.50388889,81.39
35.19200000,-79.46475000,42.44
35.19618110,-85.20745709,64.51
35.20390096,-111.03986460,329.05
35.21340270,-85.22106890,18.53
35.21886667,-98.57098060,67.56
35.23175000,-92.38986110,6.89
35.24154400,-85.00995119,3.71
35.28583330,-82.72805560,11.48
35.29080000,-98.48389170,85.96
35.30277778,-82.62833330,32.73
35.30972220,-78.27277780,2.79
35.33680556,-81.26206940,46.67
35.33680556,-81.26206940,41.01
35.38777778,-82.81222220,4.48
35.39478330,-90.35851390,26.51
35.40686110,-98.57115560,66.23
35.42091157,-86.02137430,27.02
35.45716667,-90.87536110,108.25
35.46731944,-98.32111670,79.24
35.52638889,-80.87833330,19.81
35.52666667,-80.87833330,19.70
35.52666667,-80.87833330,23.98
35.53833330,-77.26138889,2.52
35.60152778,-90.85194440,121.28
35.64380556,-89.82594440,202.30
35.65620264,-83.58211068,8.37
35.68278330,-80.60704720,6.91
35.69261110,-82.07294440,24.75
35.69261110,-82.07294440,25.31
35.71722220,-81.72555560,6.81
35.71722220,-81.72555560,9.46
35.73888889,-76.77527778,1.69
35.77105000,-81.14734720,40.68
35.77105000,-81.14734720,40.90
35.82102778,-90.85680560,86.16
35.84197778,-81.40906670,3.52
35.84208330,-81.40908330,20.45
35.89981944,-80.55478060,17.36
35.91916667,-96.51194440,36.86
35.99013056,-92.20633060,65.87
35.99569167,-79.02604720,40.98
36.01416800,-110.51208000,423.61
36.04900000,-90.29227780,10.99
36.04900000,-90.29227780,-20.08
36.07352778,-89.81355560,16.45
36.16977778,-79.99827780,22.22
36.19588889,-89.66130560,19.12
36.20777575,-110.41069030,839.49
36.29427778,-99.54255560,123.65
36.30833330,-76.27527778,1.31
36.37527778,-79.68555560,23.11
36.45511110,-89.92302780,1.36
36.49083360,-109.94817270,374.30
36.49950000,-89.97188890,17.25
36.50502500,-76.49809440,0.69
36.50919330,-101.73571840,234.40
36.52805329,-110.59903000,216.73
36.54269444,-94.48466670,482.86
36.54814167,-76.43200278,0.87
36.54915556,-76.45611110,1.18
36.55267220,-114.92454440,833.92
36.55538610,-76.42594720,0.89
36.55550000,-76.43627778,0.75
36.56038889,-75.99724170,12.77
36.56034720,-75.99720000,3.80
36.56133330,-76.43630560,0.30
36.57563889,-92.65302780,40.12
36.57922220,-90.61294440,11.95
36.58416389,-115.64910000,327.99
36.59447220,-91.64522220,158.49
36.59847220,-90.26038890,22.00
36.60709610,-76.87357080,98.17
36.60709610,-76.87357080,176.38
36.60709610,-76.87357080,177.33
36.60904034,-76.96662840,115.37
36.62250000,-94.29388890,9.32
36.62452778,-93.25169440,174.89
36.64722180,-110.17068350,211.60
36.64886110,-93.22966670,165.03
36.65792848,-76.55772770,9.25
36.66816667,-93.33391670,307.89
36.67441389,-76.45040000,0.19
36.67598408,-76.94023890,123.18
36.67598408,-76.94023890,129.39
36.68320624,-76.91329390,136.07
36.67955556,-93.86933330,329.12
36.69104276,-76.00948530,2.41
36.69623889,-76.41498889,1.68
36.70963889,-119.70911100,95.56
36.70491667,-78.03240560,18.61
36.70764998,-76.12937859,77.09
36.70764998,-76.12937859,73.18
36.71645000,-76.43981940,0.47
36.71626944,-76.44048060,0.01
36.72058330,-94.20516670,191.81
36.72149167,-76.49578060,0.15
36.74644444,-91.87850000,207.25
36.72371439,-76.02054720,9.11
36.72722130,-110.26318800,169.55
36.74808330,-93.91005560,39.33
36.74808330,-93.91011110,306.10
36.74906654,-76.04993190,5.13
36.76620460,-76.12862069,8.74
36.76618518,-76.12868740,11.76
36.76889444,-76.89615000,113.22
36.76889444,-76.89616389,113.99
36.77885275,-77.07101120,110.47
36.77886940,-77.07103620,97.67
36.77886664,-77.07106678,22.41
36.77888050,-77.07116120,12.54
36.77947220,-89.35602780,10.89
36.78073330,-114.72273890,395.94
36.78431615,-76.64328700,160.90
36.78431615,-76.64328700,162.26
36.78738538,-76.05153760,13.19
36.78737704,-76.05153760,9.48
36.79566667,-114.89280560,356.29
36.79631667,-76.01160830,7.37
36.79645278,-76.01197500,6.53
36.80403855,-76.73495750,-0.28
36.80403855,-76.73495750,148.43
36.80403855,-76.73495750,146.89
36.80491667,-94.31480560,100.19
36.80491667,-94.31475000,312.07
36.80579720,-98.24708330,5.54
36.80858610,-98.20067500,4.64
36.85931567,-76.58634110,136.67
36.85931567,-76.58634110,137.13
36.86400000,-76.08631670,22.40
36.86950094,-88.65366060,9.67
36.87665209,-112.74103680,87.96
36.88822220,-89.55275000,8.30
36.90081850,-112.75853800,88.78
36.90299444,-76.12118889,8.91
36.90299720,-76.12121940,7.33
36.90416667,-93.57300000,33.62
36.91408330,-93.93197220,104.18
36.92515020,-77.17746768,82.60
36.92515020,-77.17746768,68.96
36.92515020,-77.17746768,61.71
36.93308330,-92.05000000,207.84
36.93402778,-92.66427780,293.15
36.93387380,-112.76798390,72.36
36.94277778,-93.90750000,123.62
36.94552778,-94.00352780,81.40
36.94369444,-93.72016670,86.92
36.94841667,-91.00372220,16.94
36.96431588,-76.72606929,145.76
36.96431588,-76.72606929,145.95
36.96431588,-76.72606929,4.48
36.96557828,-76.41970528,100.04
36.99500000,-94.84500000,30.82
36.99688889,-91.70341670,332.79
37.00069444,-93.20738890,233.74
37.01478626,-76.89387410,132.78
37.01478070,-76.89382410,132.69
37.01477237,-76.89375750,132.67
37.03938889,-94.53347220,70.62
37.04292235,-77.19465300,101.58
37.04296400,-77.19465580,99.79
37.04300290,-77.19465300,91.34
37.04286680,-77.19465300,26.00
37.04311110,-93.29508330,325.26
37.04597220,-90.07472220,9.52
37.06483330,-93.54980560,173.49
37.09422220,-93.82783330,153.98
37.09419444,-93.82788890,64.93
37.10008330,-94.37633330,17.21
37.10110278,-82.67724170,36.95
37.10661110,-92.41316670,589.78
37.11541667,-93.06508330,210.00
37.12014784,-76.69190130,8.10
37.13679555,-80.43838460,2.57
37.14111110,-94.46119440,445.02
37.14486747,-76.46411579,3.70
37.15188889,-93.24461110,262.36
37.17652778,-94.28702780,370.46
37.18939444,-78.19555830,15.97
37.19058330,-89.74791670,19.95
37.20236790,-76.56939720,149.46
37.20236790,-76.56939720,148.99
37.20236790,-76.56939720,71.89
37.20236790,-76.56939720,23.58
37.20236790,-76.56939720,26.12
37.20541667,-94.50666670,49.42
37.24141667,-93.23177780,359.06
37.26208280,-76.00909990,10.93
37.26322220,-93.24650000,19.78
37.26322220,-93.24650000,220.52
37.29886110,-93.30563890,138.53
37.27903868,-77.41248300,16.09
37.28152597,-79.92226000,18.34
37.30004894,-92.16349300,271.99
37.30038889,-93.43433330,189.49
37.31149720,-81.97808330,21.69
37.33977778,-92.90641670,237.70
37.34813056,-78.82715000,0.75
37.36264660,-76.82523930,190.82
37.36383889,-79.70635830,39.45
37.36461110,-91.54008330,64.03
37.36562074,-76.72090800,127.98
37.36570408,-76.72092200,128.05
37.36722220,-94.61738890,240.81
37.36725000,-94.61736110,254.04
37.37315000,-80.39666389,40.12
37.37344444,-79.70996389,8.44
37.38950830,-81.40408889,23.14
37.39394444,-94.09133330,295.15
37.42241667,-89.60669440,167.76
37.42658530,-76.96984690,118.43
37.42663530,-76.96987190,114.65
37.42666030,-76.96989130,114.57
37.42670750,-76.96992740,113.28
37.42660754,-76.96985799,32.85
37.42667976,-76.96990799,11.76
37.42857220,-79.49836389,14.46
37.42857220,-79.49836389,7.22
37.42959059,-76.89107500,126.69
37.43570094,-78.67917510,29.07
37.44412980,-114.87000680,863.11
37.45152370,-75.93271030,7.43
37.45421474,-90.85206660,20.47
37.48132460,-91.10562790,149.28
37.49983330,-94.26944440,302.40
37.51504720,-76.97880830,95.12
37.51557450,-91.11121180,131.74
37.52943056,-78.27006110,35.20
37.53552778,-90.30177780,99.24
37.55463685,-77.21441380,211.17
37.55463960,-77.21436100,209.93
37.59927778,-90.14177780,168.87
37.60575000,-93.78408330,130.98
37.61466667,-91.55038890,328.93
37.61594444,-93.25427780,62.60
37.62708827,-77.14191740,19.83
37.63291260,-79.45420270,22.43
37.64416667,-81.43111110,25.46
37.65171299,-91.11977100,230.03
37.64808330,-92.64766670,231.54
37.65675250,-77.37456400,178.13
37.65676080,-77.37454738,177.99
37.65676917,-77.37452520,12.87
37.66532407,-91.11652130,209.41
37.70413030,-114.75944850,393.65
39.71558330,-94.87994440,19.38
37.74040694,-75.66631808,50.50
37.74040694,-75.66631808,78.21
37.74096248,-75.66631809,99.91
37.74491690,-77.20492580,185.23
37.74494470,-77.20491740,193.80
37.74497248,-77.20490909,184.45
37.74500025,-77.20490350,59.19
37.74819444,-88.43805560,7.59
37.78016667,-90.40738890,79.60
37.83489167,-76.30873610,60.26
37.87034970,-76.31715100,146.05
37.87034970,-76.31715380,157.43
37.87034970,-76.31715660,158.41
37.87029414,-76.31722049,158.60
37.87027748,-76.31725100,107.53
37.87024970,-76.31729270,105.30
37.87021080,-76.31734550,96.72
37.87018026,-76.31737880,70.78
37.87015526,-76.31741220,57.31
37.88297220,-93.30391670,51.43
37.88502778,-90.21488890,343.72
37.90833330,-92.50191670,17.30
37.93816667,-90.78219440,206.00
37.94031910,-91.80126970,195.36
37.94317890,-75.45381180,9.04
37.94317890,-75.45381180,11.71
37.94317890,-75.45381180,19.93
37.94317890,-75.45381180,22.26
37.94219559,-75.45474240,21.1
37.95651260,-75.57853770,9.10
37.96365240,-91.79738110,371.16
37.98615285,-91.72293530,304.69
37.99191667,-94.36713890,7.70
38.01016667,-92.74100000,271.26
38.04169670,-93.77993390,101.42
38.04785830,-79.79101670,6.72
38.05611110,-91.24055560,145.41
38.07627778,-90.46955560,90.15
38.08358330,-90.56544440,111.88
38.09190245,-114.89584270,844.31
38.09486110,-94.36036110,101.69
38.10726540,-87.57890770,23.18
38.11484119,-80.26451729,68.73
38.12163889,-92.66519440,123.25
38.13198990,-87.91975179,17.62
38.13745090,-115.33974820,795.75
38.15002778,-91.26075000,212.29
38.16735704,-78.16139130,24.65
38.16957560,-77.03830640,208.40
38.17916667,-91.94666670,126.32
38.18624179,-76.91774750,74.03
38.19235278,-76.91913650,9.67
38.20469444,-91.17944440,183.30
38.22402778,-90.39641670,79.04
38.24633330,-81.65855560,18.50
38.27797220,-93.36277780,11.02
38.28088889,-93.36530560,70.51
38.33566710,-80.49091810,24.56
38.35025000,-90.99038890,65.05
38.36401590,-78.71085470,69.31
38.36544444,-85.64000000,34.16
38.36794444,-82.51247220,35.38
38.38978520,-86.07914020,10.33
38.38967220,-104.33581670,21.52
38.13040997,-79.06836218,19.82
38.45733330,-93.20444440,55.36
38.46194444,-91.46611110,151.28
38.46350000,-93.99847220,104.10
38.47688889,-91.83972220,310.40
38.50919444,-90.64438890,231.76
38.54061110,-92.09463890,181.24
38.54643626,-87.60280190,10.44
38.55050000,-90.70055560,183.86
38.57317638,-77.41609530,8.04
38.59713889,-92.16186110,18.48
38.60794444,-90.70894440,91.63
38.61063987,-82.17570040,32.46
38.61222220,-91.21333330,42.90
38.61861110,-92.52138890,241.48
38.65171885,-90.85402330,41.98
38.65797220,-92.78013890,136.56
38.69647220,-93.17183330,177.45
38.71615639,-91.40849460,19.19
38.74811110,-93.33608330,266.52
38.76263889,-93.55450000,171.88
38.77706667,-75.25886670,9.15
38.78666667,-91.79527780,245.91
38.79350000,-90.62216670,88.63
38.80581944,-78.78963889,13.41
38.80761110,-93.32336110,186.06
38.81333330,-90.85055560,177.34
38.81294444,-90.15241670,16.40
38.82111110,-91.99555560,370.43
38.83263330,-77.80481110,16.08
38.84522220,-75.66569440,15.28
38.86559020,-92.44240840,9.57
38.90777778,-91.44750000,356.36
38.90888889,-91.57555560,248.15
38.92244420,-114.84417930,432.80
38.93538880,-77.63610360,8.34
38.94955500,-77.36665240,15.60
38.95500000,-92.39500000,178.37
38.97711110,-90.99608330,299.41
38.97913889,-90.97666670,165.13
38.98069444,-79.94394440,46.32
38.98138889,-92.99111110,29.00
39.03055556,-90.90777780,288.23
39.03233520,-74.89239330,12.72
39.03530148,-92.95241470,58.82
39.05918330,-78.61878060,16.88
39.06344010,-78.06499810,38.69
39.10649516,-77.52804540,25.73
39.11416667,-92.21388890,400.05
39.12851944,-77.84576940,30.10
39.13061110,-93.39277780,85.36
39.14472220,-82.89944440,23.53
39.16253990,-91.82794640,338.65
39.16250406,-94.39467280,29.49
39.17150000,-80.41208330,44.33
39.19694444,-92.12472220,375.42
39.20394520,-84.78356089,23.65
39.20600000,-93.31527780,57.41
39.21000399,-94.28411420,9.06
39.21902778,-81.11166670,27.63
39.26176825,-77.71026990,60.56
39.27277778,-93.26950000,1.38
39.27421786,-85.89554660,17.55
39.30694444,-91.48055560,101.00
39.31811168,-84.63605860,33.28
39.32219444,-78.05605560,32.42
39.34569444,-93.50641670,10.76
39.35121160,-77.92971910,23.00
39.36286110,-90.90530560,78.18
39.36663889,-78.88886110,26.27
39.37441667,-94.79200000,20.73
39.37672314,-84.56327980,11.19
39.38622220,-94.26205560,9.04
39.38920499,-92.26101100,123.62
39.39336110,-94.91791670,12.41
39.43146300,-81.47095540,29.79
39.45672220,-77.97252780,48.46
39.45900397,-75.15768338,5.36
39.45900397,-75.15768338,5.46
39.45900397,-75.15768338,169.47
39.46591667,-77.83608330,50.17
39.46894596,-84.47661160,30.28
39.47170330,-87.40918690,43.64
39.48400000,-84.43300000,12.55
39.49260000,-76.68463060,38.94
39.49830556,-95.02544440,7.32
39.53145100,-83.53880860,8.97
39.53808330,-95.05680560,7.81
39.55271470,-114.79807530,11.54
39.55505835,-84.31688550,19.65
39.55928348,-74.74016220,37.69
39.57310258,-86.26943470,13.94
39.59555556,-93.13222220,24.78
39.61077778,-92.51077780,3.36
39.63716457,-113.87471490,11.19
39.66898968,-77.01525958,2.94
39.67047220,-93.66713890,19.54
39.67718056,-116.31130000,37.40
39.69869444,-92.05100000,28.18
39.70008330,-93.30333330,15.49
39.71058586,-75.45669539,13.28
39.73178139,-75.04933690,15.67
39.74115774,-85.13579760,15.77
39.74161110,-77.38058330,103.01
39.74394136,-84.56634030,34.55
39.74505900,-84.18771769,98.57
39.75200000,-93.22266670,3.56
39.75922550,-84.19382919,31.84
39.77559854,-86.15748670,32.11
39.78122488,-75.16740070,105.19
39.78213889,-80.02852780,23.84
39.79861110,-78.23058330,50.09
39.80233544,-75.28963070,13.33
39.80233544,-75.28963070,9.51
39.80233544,-75.28963070,8.26
39.81250000,-79.58722220,23.02
39.82053610,-84.15920000,29.43
39.83115300,-86.18582160,19.19
39.83261370,-75.09128449,76.47
39.84532346,-91.44070730,22.94
39.86456196,-74.47959550,23.32
39.86813889,-75.18813889,15.98
39.87310830,-86.36168060,6.13
39.87311389,-86.36168889,5.76
39.87319167,-86.36149170,5.49
39.87320278,-86.36148610,5.02
39.88777778,-83.99194440,1.11
39.88936110,-77.61461110,79.64
39.89860670,-95.08802900,5.47
39.91399640,-75.81466620,14.87
39.92011040,-75.49325640,7.83
39.97927778,-77.06916670,11.52
39.97977830,-84.14855200,11.10
39.98883330,-79.03750000,24.41
39.99122320,-74.84044200,6.43
40.00003630,-86.04220760,23.63
40.01822220,-93.98775000,77.44
40.02860270,-101.87156760,20.90
40.03527778,-77.30808330,26.44
40.03761110,-78.47191670,28.79
40.04147220,-75.17933330,16.14
40.04372666,-74.35737020,28.12
40.04250000,-80.43683330,36.18
40.04769444,-94.81630560,9.06
40.08297220,-93.97247220,131.24
40.09427778,-82.90125000,21.26
40.09472220,-85.35833330,47.53
40.15497220,-76.82291670,18.68
40.18336110,-91.82977780,62.36
40.18483529,-74.20014340,135.16
40.18483529,-74.20014340,40.51
40.18483529,-74.20014340,113.31
40.18483529,-74.20014340,139.61
40.18949459,-84.24272270,5.82
40.19871985,-75.05155910,37.83
40.20472220,-80.60777780,38.02
40.24561110,-93.73947220,5.06
40.25893208,-85.14802450,12.81
40.27702778,-76.12066670,10.90
40.29272220,-75.28666670,8.69
40.30121878,-74.72349360,31.89
40.31230556,-78.13125000,53.89
40.32225000,-92.21738890,26.00
40.36047220,-79.05583330,19.22
40.36205290,-74.31320280,5.50
40.36427285,-74.88099860,2.47
40.36875000,-76.30172220,8.59
40.38200000,-76.70575000,16.08
40.40302778,-77.62988889,14.39
40.41450000,-78.45338889,11.36
40.43205038,-74.45487420,17.67
40.43319444,-87.59069440,22.25
40.43747220,-75.88425000,140.77
40.44511110,-75.25044440,44.87
40.44902778,-93.78377780,15.47
40.45947936,-87.05945720,21.48
40.46044444,-77.16869440,14.01
40.46258330,-78.75905560,7.52
40.48086970,-87.35973840,13.98
40.50150000,-80.42219440,8.45
40.51519444,-94.61297220,10.49
40.54471810,-101.66683690,111.38
40.55027778,-94.82313890,2.97
40.56864927,-86.29916300,7.63
40.57511110,-75.65622220,71.68
40.58091667,-92.49175000,12.23
40.57732477,-74.86044348,10.42
40.58361110,-91.70111110,96.58
40.58815820,-74.75655140,26.05
40.62204480,-75.15461890,7.97
40.62619444,-80.10838889,6.52
40.66122220,-76.98555560,18.97
40.66500000,-99.25583330,9.53
40.68510200,-74.28820318,6.97
40.69477778,-77.59394440,60.35
40.71080556,-76.60547220,25.53
40.72861110,-99.45805560,21.81
40.75362358,-98.30367120,66.20
40.75362358,-98.30367120,66.06
40.76563889,-77.88069440,103.73
40.77168040,-98.84591220,21.43
40.78005330,-83.69048770,9.06
40.78200100,-81.92514240,45.19
40.78499780,-101.47322080,95.56
40.78575000,-76.11847220,50.66
40.78806200,-99.76844980,8.36
40.79600000,-75.31105560,43.38
40.81787740,-74.68099480,13.16
40.83028447,-99.74983760,13.45
40.83722220,-99.98611110,9.01
40.84441110,-98.64563060,43.25
40.85508330,-99.86358330,7.86
40.85806670,-99.15314630,135.31
40.85833330,-99.15305560,135.37
40.87416667,-98.28222220,7.73
40.88890160,-98.50951220,21.75
40.88988889,-78.81188889,35.60
40.89566667,-79.63391670,20.42
40.90969444,-98.72400000,71.67
40.91222220,-100.12838890,4.97
40.91741667,-98.73838890,131.15
40.94202778,-98.62683330,33.90
40.97476370,-86.29944500,11.94
40.98205556,-98.64169440,105.69
40.98186110,-100.12744440,65.33
40.98392530,-87.23752580,31.16
40.99013889,-77.19772220,40.76
41.01582480,-95.13082170,11.87
41.01722220,-98.62833330,70.94
41.02319444,-75.71847220,64.63
41.03167450,-99.66344370,48.08
41.03232778,-98.74045560,7.43
41.03537519,-74.44959940,4.63
41.04675000,-99.27972220,109.33
41.08037446,-74.80988930,26.42
41.08383330,-79.87911110,10.09
41.09369444,-80.46869440,17.00
41.10436110,-98.19297220,11.97
41.10744444,-78.52647220,21.57
41.10788889,-73.69238889,45.41
41.11766667,-76.56350000,25.92
41.12413889,-76.67461110,29.40
41.14800000,-73.92769440,8.82
41.15398430,-74.88405820,21.03
41.16168124,-97.96366890,5.80
41.16972247,-96.46974240,42.41
41.19041667,-99.70697220,1.84
41.20669444,-75.39661110,12.45
41.23926090,-73.80291220,16.31
41.24022220,-77.77277778,49.94
41.29350000,-78.87230560,34.87
41.29322220,-96.28375000,13.23
41.29377778,-97.44516670,17.82
41.30064940,-73.99125150,26.33
41.30519444,-82.82761110,47.73
41.30919444,-75.22686110,34.60
41.33158330,-79.90022220,113.03
41.33677778,-79.22552780,47.81
41.36372220,-73.74875000,15.43
41.36509999,-71.77423360,13.47
41.39327500,-104.04028330,280.64
41.39726319,-86.85780050,7.02
41.40791667,-76.99475000,101.97
41.40815120,-73.28039410,10.20
41.41619444,-78.54519440,4.22
41.42277778,-100.20337780,2.81
41.44361110,-74.60638889,6.81
41.45398296,-73.55318110,4.52
41.45880556,-78.06177780,21.49
41.46088889,-80.17841670,25.43
41.47347220,-79.05083330,8.95
41.47370910,-72.68426160,13.19
41.47898869,-71.70728880,36.13
41.48600770,-117.53707360,7.45
41.48787368,-73.20428010,22.44
41.48843449,-71.53561590,13.47
41.49232259,-71.62811940,8.16
41.49531944,-103.75761940,170.41
41.50705556,-76.59025000,29.48
41.51893970,-84.69801030,10.32
41.52508330,-100.88836110,102.81
41.53223249,-98.98703320,36.96
41.53775550,-102.86770320,79.10
41.54787860,-71.54283880,11.83
41.56291667,-75.70372220,56.77
41.56621059,-71.72673449,16.84
41.57436110,-74.14927778,6.65
41.58305830,-102.61739720,329.97
41.59315455,-72.42647400,11.47
41.59533330,-80.41375000,53.67
41.63379720,-70.54067590,7.64
41.63691679,-103.56299690,23.39
41.64898610,-103.88999440,29.91
41.65844369,-70.31863340,26.62
41.68344495,-70.01918300,25.31
41.68524899,-103.39438180,165.59
41.69010826,-70.44919288,50.86
41.69013249,-70.52012820,17.01
41.69133330,-73.79761110,19.71
41.69436570,-70.52044210,30.14
41.69802749,-103.93772680,41.17
41.69998230,-70.51774760,97.00
41.70542100,-70.52600060,100.24
41.72112840,-91.42238910,16.90
41.72171706,-85.33497720,15.49
41.72341667,-76.46872220,10.83
41.72522220,-75.25858330,28.09
41.74155556,-74.08888889,26.65
41.75333330,-77.56022220,32.00
41.75675000,-74.60136110,9.98
41.76858996,-102.44297340,2.11
41.77510920,-70.02973997,31.29
41.77693330,-99.37970280,7.37
41.77705556,-77.82730560,13.40
41.77858610,-100.52516110,14.69
41.78732330,-71.29921740,6.52
41.79370429,-73.94208160,69.72
41.79482050,-72.22868940,5.97
41.80873430,-72.29110200,21.98
41.83000000,-74.06388889,18.81
41.83110278,-100.10086670,3.87
41.83958330,-96.72850000,9.76
41.85496960,-103.03631780,11.78
41.86388889,-78.36775000,103.49
41.87454640,-70.92892970,18.45
41.88845556,-85.40933610,0.29
41.89005556,-75.75330560,40.43
41.88857800,-103.66022150,26.33
41.89816187,-69.98113110,11.74
41.91492500,-70.72976670,25.59
41.93306390,-98.01478620,97.07
41.93466667,-80.07900000,19.60
41.94107660,-103.93078090,4.61
41.94173889,-99.86010280,4.15
41.94827778,-103.70122220,194.02
42.00194444,-102.95611110,60.39
42.03443974,-101.33516830,4.27
42.03522778,-70.08257220,12.10
42.04981588,-72.97093670,6.83
42.05027500,-103.93023330,80.73
42.05593580,-70.72587198,8.64
42.05727810,-79.49921640,1.75
42.06425849,-73.32622649,15.32
42.09172945,-78.74753220,7.83
42.09593186,-71.29394390,6.93
42.13223330,-104.04679170,12.85
42.14111110,-76.81277778,24.10
42.17676389,-88.09581670,151.53
42.18222220,-88.63555560,9.20
42.18887220,-88.47170560,29.81
42.18944444,-88.37416670,17.65
42.18944444,-88.37444440,22.14
42.19227778,-88.14991670,66.09
42.19275278,-110.16299440,5.48
42.19396475,-75.85325000,28.59
42.19583330,-88.33000000,2.58
42.19583330,-88.33000000,89.83
42.19924216,-75.89797408,68.29
42.20278308,-98.67258670,6.45
42.20352778,-76.52594440,23.58
42.20478020,-79.30976880,1.24
42.21133056,-88.17170560,22.68
42.22251667,-88.56976940,73.31
42.22805556,-88.47694440,10.22
42.22805556,-88.47694440,10.45
42.22805556,-88.47694440,10.22
42.25333330,-77.79111110,4.30
42.25916667,-88.70500000,5.99
42.26222220,-78.03694440,-0.64
42.26316667,-88.23975000,93.97
42.26563617,-75.47073640,9.14
42.27388889,-88.52055560,4.27
42.27388889,-88.52055560,5.25
42.27608330,-88.21633330,12.49
42.28137778,-88.61924720,19.98
42.28137778,-88.61924720,28.80
42.28137778,-88.61924720,20.29
42.29616667,-74.30058330,7.95
42.30555556,-88.26250000,47.87
42.30555556,-88.26250000,47.69
42.31454035,-71.36755950,16.68
42.31758396,-74.25597630,18.50
42.32064720,-88.21475830,21.90
42.32991667,-74.81019440,6.56
42.32994444,-74.81016670,2.02
42.34233610,-88.37235280,34.69
42.35092399,-72.40258470,17.55
42.35556110,-88.55236670,34.09
42.36166667,-88.50861110,37.40
42.36166667,-88.50861110,37.66
42.36166667,-88.50861110,37.91
42.36389265,-97.67367400,29.44
42.37805556,-73.46277778,12.22
42.38555556,-88.33222220,11.53
42.38555556,-88.33222220,53.18
42.38555556,-88.38611110,6.19
42.38555556,-88.38611110,17.37
42.38546389,-88.44490830,11.86
42.38966667,-76.31750000,19.64
42.39954444,-88.60061940,32.84
42.40913330,-88.23501670,31.53
42.41257085,-77.34220320,9.22
42.43958330,-73.68580560,13.58
42.45044444,-79.01427780,28.05
42.45111110,-88.64805560,7.95
42.45111110,-88.64805560,7.62
42.45285010,-76.77439779,8.10
42.46258478,-73.18843660,21.75
42.46747220,-97.05468890,2.59
42.47009340,-71.41172820,20.24
42.47912220,-88.48162500,26.29
42.48000000,-88.31944440,8.54
42.48000000,-88.31944440,13.25
42.48000000,-88.31944440,12.05
42.48027688,-99.87123600,9.65
42.48288056,-88.39884440,28.64
42.48383330,-76.79933330,36.79
42.48508905,-72.21147090,15.09
42.48888889,-76.46472220,5.50
42.49027778,-88.43166670,-11.99
42.49027778,-88.43166670,-11.92
42.51674167,-71.04846389,7.80
42.53000197,-98.50202770,51.02
42.56703800,-71.16005579,9.36
42.56722220,-109.93022220,5.63
42.58502778,-70.82063889,2.91
42.59183330,-74.32138889,9.41
42.59285790,-73.70900830,39.30
42.62500190,-98.93370560,38.52
42.62867339,-78.11862010,13.12
42.64083330,-76.06638889,7.08
42.67136110,-74.50416670,40.23
42.68750000,-73.83138889,10.13
42.69340779,-75.04710349,6.53
42.69951470,-76.42160260,19.72
42.71980556,-73.71088889,5.24
42.72972220,-76.88388889,0.14
42.74777778,-76.13861110,5.23
42.75537220,-70.93948889,10.36
42.81163330,-71.01159720,14.30
42.81638889,-73.98194440,8.07
42.84638889,-73.79080560,4.38
42.91333330,-76.58333330,11.21
42.91975000,-74.42791670,34.75
42.94750000,-70.96027778,47.41
42.95111110,-78.60166670,12.30
42.96750000,-77.25333330,2.48
42.97250000,-76.77033330,3.44
42.97580556,-77.84408330,11.59
42.97784110,-77.22720290,3.45
42.97938889,-75.84575000,133.40
42.98694444,-78.14861110,35.22
43.00748590,-102.52210560,40.47
43.00748590,-102.52210560,47.65
43.01562410,-75.59434610,9.59
43.02244444,-74.87508330,54.94
43.02944444,-78.17027780,10.38
43.03138889,-100.88611110,21.03
43.04534410,-76.30076300,12.82
43.04534410,-76.30076300,13.95
43.04728539,-77.47610580,8.33
43.05311110,-77.08750000,12.85
43.05388889,-100.62222220,45.90
43.05757479,-73.79789880,43.22
43.06027778,-100.40888890,31.26
43.07083330,-100.75416670,19.02
43.12388889,-101.05972220,27.92
43.12755657,-78.84059259,1.73
43.14277778,-108.70888890,12.23
43.15677778,-78.40363889,41.44
43.15825000,-74.48416670,5.29
43.17507610,-73.32205440,6.91
43.17916667,-78.26802780,22.13
43.18130556,-90.07422220,13.83
43.18881944,-71.47836389,9.81
43.19944444,-100.76944440,84.67
43.20750000,-75.39250000,44.35
43.21894450,-78.91226320,4.74
43.22000000,-89.79805560,11.67
43.23294444,-75.39850000,3.83
43.24111110,-100.33250000,22.25
43.26118900,-71.75730030,31.17
43.31141667,-74.95891670,31.30
43.36333330,-76.38083330,23.08
43.36333330,-76.38083330,23.22
43.38619518,-70.65866619,20.98
43.40425000,-88.92394440,18.88
43.44993170,-112.78653040,595.18
43.45836110,-110.79702780,18.35
43.47562219,-74.20569090,13.81
43.50044444,-73.79641670,19.62
43.52006860,-75.15377760,25.05
43.54941667,-73.73397220,42.62
43.61794490,-116.18595000,-15.42
43.62388889,-96.74583330,11.57
43.63108570,-96.72449470,8.30
43.68307240,-83.21772780,34.01
43.71865545,-112.64134980,348.05
43.72472220,-96.87000000,6.04
43.72497418,-96.73032850,6.63
43.73344537,-121.46710590,28.14
43.83202110,-70.43672039,11.60
43.88144910,-73.73485220,22.13
43.91480189,-70.02616200,29.23
44.00722220,-90.65027780,8.13
44.02052778,-75.76033330,18.49
44.03701770,-70.34172210,10.70
44.05720999,-103.30240590,-40.61
44.09544444,-103.30144440,12.23
44.09544444,-103.30144440,4.01
44.12049720,-89.53570830,14.68
44.13812919,-69.92616050,10.75
44.13979310,-70.48700290,9.20
44.15507320,-69.94393870,47.00
44.16083330,-75.32027778,24.27
44.20394444,-75.90586110,4.32
44.27886110,-73.53088889,18.23
44.30002778,-103.43677780,-15.10
44.29991667,-103.43672220,-30.27
44.29997220,-103.43675000,16.70
44.30027778,-69.76527778,10.94
44.37722220,-68.26138889,11.09
44.37834156,-121.68312660,292.78
44.41388889,-68.29777778,5.41
44.48728889,-95.31045000,12.92
44.51481110,-94.98616940,51.745
44.55567500,-89.35633060,24.43
44.55566667,-89.35633330,25.17
44.61311328,-70.92257420,8.03
44.65608889,-92.69043330,13.27
44.65608889,-92.69043330,13.29
44.65608889,-92.69043330,13.25
44.71728130,-70.42284350,27.08
44.73985556,-95.52296940,82.99
44.74195556,-95.54473890,29.45
44.74528056,-95.51368890,78.39
44.74565556,-95.49314440,88.69
44.81783120,-74.76407990,7.94
44.83201539,-68.36585489,17.77
44.84800000,-73.58400000,23.86
44.87116167,-74.99131549,15.86
44.87424030,-67.86639220,4.50
44.88867990,-68.93309410,22.41
44.91974017,-74.17717570,3.54
44.91971239,-74.17712010,34.58
44.96808330,-73.63469440,2.75
45.08991980,-112.63612820,168.40
45.12035320,-67.27388020,1.17
45.26801720,-97.12174580,78.35
45.35412738,-97.18619330,14.07
45.38444440,-97.14416670,16.43
45.47761740,-122.50790470,27.48
45.47762575,-122.50791860,11.69
45.48646710,-122.52585800,45.27
45.52877220,-92.50455830,32.18
45.52653770,-112.70138460,5.80
45.56611110,-98.43361110,8.94
45.58750000,-97.14388890,7.73
45.60810429,-68.88781860,9.73
45.63857110,-96.95730110,57.80
45.74084520,-84.71115950,5.16
45.99095278,-95.20684440,7.138
46.02274440,-97.98853060,8.16
46.31120000,-97.92656390,6.00
46.32620556,-118.13855830,38.87
46.39888056,-97.92406110,20.33
46.40670000,-96.73636110,16.59
46.44155556,-97.27466670,6.05
46.44466060,-110.93882430,86.82
46.57286110,-99.45504720,18.82
46.57255556,-97.19861110,6.37
46.61169710,-69.57839099,15.90
46.76257220,-100.37399720,6.08
46.81008610,-99.74377780,16.02
46.84241389,-122.96003890,33.60
46.87808056,-98.48146940,34.46
46.96145830,-102.68558610,17.75
46.96587778,-98.46129170,60.91
47.22434440,-97.55725280,24.54
47.24920570,-68.59115760,10.17
47.36773620,-111.19135400,137.54
47.40440278,-98.43572220,0.86
47.51502220,-99.15991670,20.63
47.57291110,-95.09282500,31.12
47.57818610,-118.27490830,49.77
47.66248330,-96.34007220,-6.885
47.66249167,-96.34006670,6.537
47.69030556,-96.20162780,23.929
47.69038056,-96.28128890,6.446
47.71901110,-96.20568890,11.143
47.71901667,-96.20568060,8.917
47.78890000,-96.27612500,14.659
47.82250000,-93.24472220,23.82
47.87236940,-98.74395560,12.82
47.91065000,-116.84381670,407.21
47.94673330,-97.62269170,23.12
48.00946165,-105.33220940,42.27
48.15311667,-100.62594170,57.76
48.18371940,-101.20323610,34.79
48.31090000,-97.81777220,12.80
48.37039167,-99.79968060,6.86
48.48612500,-99.23198890,8.63
48.52483889,-103.62592220,25.27
61.29000970,-149.59637560,110.25
64.75777778,-147.22361100,8.44
